household_key,group,treatment,recency_days,pre_baskets,pre_sales,pre_quantity,pre_target_purchase_count,pre_target_sales,pre_coupon_redemptions,pre_campaign_count_raw,has_demographic,target_sales,target_quantity,target_purchase_count,total_sales,baskets,recency_days_filled,target_purchase,any_purchase,pre_recency_capped,log_pre_baskets,log_pre_sales,pre_target_share,pre_coupon_user,pre_campaign_count_c,p_score,logit_p,in_support
2,대조,0,37.0,7.0,330.69,142.0,13.0,38.97,0.0,1.0,0,3.08,2.0,2.0,130.89000000000001,1.0,37.0,1,1,37.0,2.0794415416798357,5.804200797774708,0.11784450694003447,0,1.0,0.03606480935064674,-3.2857064830627296,True
3,대조,0,19.0,2.0,46.11,36.0,0.0,0.0,0.0,3.0,0,0.0,0.0,0.0,58.910000000000004,2.0,19.0,0,1,19.0,1.0986122886681098,3.85248529271195,0.0,0,3.0,0.0004176405627469068,-7.780471665299471,False
4,대조,0,32.0,4.0,141.93,52.0,0.0,0.0,0.0,1.0,0,0.0,0.0,0.0,0.0,0.0,32.0,0,0,32.0,1.6094379124341003,4.962354999921024,0.0,0,1.0,0.0026618872402347955,-5.926054482584944,False
6,대조,0,2.0,39.0,751.58,338.0,2.0,11.48,0.0,4.0,0,0.0,0.0,0.0,384.21,17.0,2.0,0,1,2.0,3.6888794541139363,6.623507303264638,0.015274488411080657,0,4.0,0.039280764766240865,-3.196947254411918,True
7,대조,0,1.0,13.0,542.78,294.0,0.0,0.0,0.0,4.0,1,12.059999999999999,4.0,3.0,556.74,9.0,1.0,1,1,1.0,2.6390573296152584,6.298544753294745,0.0,0,4.0,0.038401765378736595,-3.2204932959613326,True
8,대조,0,2.0,17.0,923.59,9848.0,0.0,0.0,0.0,10.0,1,0.0,0.0,0.0,732.99,10.0,2.0,0,1,2.0,2.8903717578961645,6.829350396007859,0.0,0,6.0,0.07193799495809301,-2.5572939794830916,True
16,대조,0,4.0,6.0,54.52,25.0,0.0,0.0,0.0,2.0,1,0.0,0.0,0.0,10.16,2.0,4.0,0,1,4.0,1.9459101490553132,4.016743316198549,0.0,0,2.0,0.001777969654660028,-6.330503657037713,False
17,대조,0,19.0,9.0,562.13,264.0,2.0,1.17,0.0,5.0,1,0.0,0.0,0.0,72.14,2.0,19.0,0,1,19.0,2.302585092994046,6.3335105073464915,0.002081369078327077,0,5.0,0.037983526945889225,-3.231879009962457,True
18,대조,0,6.0,35.0,1291.19,66506.0,0.0,0.0,3.0,4.0,1,0.0,0.0,0.0,845.44,18.0,6.0,0,1,6.0,3.58351893845611,7.1640937323539875,0.0,1,4.0,0.07096284213074477,-2.5719923459458,True
22,대조,0,2.0,25.0,1150.97,110162.0,0.0,0.0,13.0,8.0,1,0.0,0.0,0.0,579.73,15.0,2.0,0,1,2.0,3.258096538021482,7.04922879925008,0.0,1,6.0,0.047689694408518,-2.9941756085161417,True
23,대조,0,5.0,14.0,305.51,89.0,0.0,0.0,0.0,3.0,0,0.0,0.0,0.0,213.76,6.0,5.0,0,1,5.0,2.70805020110221,5.725250381271442,0.0,0,3.0,0.008010726310056024,-4.818930862031619,False
25,대조,0,1.0,14.0,408.28000000000003,12233.0,0.0,0.0,0.0,4.0,1,0.0,0.0,0.0,173.68,7.0,1.0,0,1,1.0,2.70805020110221,6.014399518390478,0.0,0,4.0,0.02733908127866202,-3.5717183037553806,True
26,대조,0,18.0,13.0,148.39000000000001,103.0,0.0,0.0,0.0,1.0,0,16.15,5.0,5.0,276.14,14.0,18.0,1,1,18.0,2.6390573296152584,5.006560336054226,0.0,0,1.0,0.003737805615688743,-5.585511764857136,False
27,대조,0,1.0,69.0,918.58,538.0,0.0,0.0,0.0,7.0,1,0.0,0.0,0.0,615.27,49.0,1.0,0,1,1.0,4.248495242049359,6.823917044066181,0.0,0,6.0,0.10990854462146332,-2.0916756088539694,True
28,대조,0,4.0,17.0,335.3,129.0,3.0,15.27,0.0,4.0,0,10.48,2.0,2.0,140.25,6.0,4.0,1,1,4.0,2.8903717578961645,5.818003618746224,0.04554130629287205,0,4.0,0.014936021517505553,-4.18893074495134,True
29,대조,0,7.0,7.0,89.2,37.0,0.0,0.0,0.0,5.0,0,0.0,0.0,0.0,45.99,4.0,7.0,0,1,7.0,2.0794415416798357,4.502029427068578,0.0,0,5.0,0.001137017913705465,-6.778208644291,False
32,대조,0,13.0,12.0,352.72,157.0,4.0,15.66,0.0,6.0,0,5.99,1.0,1.0,303.04,8.0,13.0,1,1,13.0,2.5649493574615367,5.868505639707535,0.04439782263551825,0,6.0,0.012989079029066214,-4.330572174471939,True
36,대조,0,1.0,42.0,997.64,440.0,0.0,0.0,0.0,3.0,0,0.0,0.0,0.0,611.0,17.0,1.0,0,1,1.0,3.7612001156935624,6.906394353342796,0.0,0,3.0,0.05166901416055574,-2.909845319915694,True
37,대조,0,4.0,13.0,479.65999999999997,14148.0,0.0,0.0,0.0,2.0,0,0.0,0.0,0.0,534.91,8.0,4.0,0,1,4.0,2.6390573296152584,6.17516015945508,0.0,0,2.0,0.014948782334411909,-4.188063790133985,True
38,대조,0,,0.0,0.0,0.0,0.0,0.0,0.0,1.0,0,0.0,0.0,0.0,0.0,0.0,90.0,0,0,90.0,0.0,0.0,0.0,0,1.0,2.998750752517713e-06,-12.717311773093492,False
40,대조,0,2.0,59.0,2292.02,231490.0,0.0,0.0,5.0,11.0,1,0.0,0.0,0.0,1232.6200000000001,43.0,2.0,0,1,2.0,4.0943445622221,7.73762500501786,0.0,1,6.0,0.14310969711715463,-1.7896984602146344,True
41,대조,0,1.0,12.0,548.98,229.0,0.0,0.0,0.0,1.0,0,0.0,0.0,0.0,359.38,6.0,1.0,0,1,1.0,2.5649493574615367,6.30988191392898,0.0,0,1.0,0.018215673033296957,-3.987089278749662,True
42,대조,0,6.0,12.0,245.86,186.0,2.0,1.56,0.0,3.0,1,0.0,0.0,0.0,169.69,8.0,6.0,0,1,6.0,2.5649493574615367,5.508821374315783,0.006345074432603921,0,3.0,0.01593144291086915,-4.123400868434846,True
43,대조,0,17.0,3.0,13.59,10.0,0.0,0.0,0.0,5.0,1,0.0,0.0,0.0,41.27,9.0,17.0,0,1,17.0,1.3862943611198906,2.6803363625346943,0.0,0,5.0,0.00022080970141879144,-8.417988472857985,False
45,대조,0,72.0,1.0,6.5,4.0,0.0,0.0,0.0,1.0,0,0.0,0.0,0.0,0.0,0.0,72.0,0,0,72.0,0.6931471805599453,2.0149030205422647,0.0,0,1.0,4.948238981698362e-05,-9.913844229346632,False
47,대조,0,3.0,11.0,160.75,62.0,0.0,0.0,0.0,3.0,0,0.0,0.0,0.0,235.58,10.0,3.0,0,1,3.0,2.4849066497880004,5.08605193338101,0.0,0,3.0,0.0031604560292711192,-5.7538734879168105,False
48,대조,0,8.0,5.0,167.75,54.0,0.0,0.0,0.0,2.0,1,0.0,0.0,0.0,98.52,2.0,8.0,0,1,8.0,1.791759469228055,5.128418329752639,0.0,0,2.0,0.007446473799069726,-4.892540337006987,False
51,대조,0,31.0,9.0,310.87,94.0,0.0,0.0,0.0,4.0,0,0.0,0.0,0.0,300.51,4.0,31.0,0,1,31.0,2.302585092994046,5.74258643431314,0.0,0,4.0,0.007726299536932931,-4.855368943472919,False
52,대조,0,3.0,14.0,727.4,59349.0,0.0,0.0,0.0,6.0,1,0.0,0.0,0.0,589.25,13.0,3.0,0,1,3.0,2.70805020110221,6.590850347853453,0.0,0,6.0,0.05064294153532684,-2.930985111572314,True
55,대조,0,4.0,21.0,153.79,56.0,0.0,0.0,0.0,4.0,1,0.0,0.0,0.0,119.86,12.0,4.0,0,1,4.0,3.091042453358316,5.042069359585786,0.0,0,4.0,0.008972858651277218,-4.704537606274036,False
57,대조,0,4.0,34.0,475.43,30500.0,0.0,0.0,0.0,4.0,1,0.0,0.0,0.0,308.93,21.0,4.0,0,1,4.0,3.5553480614894135,6.166320807790665,0.0,0,4.0,0.044998626569850896,-3.0550808099918747,True
64,대조,0,1.0,74.0,1057.99,569.0,0.0,0.0,0.0,4.0,0,0.0,0.0,0.0,484.41,30.0,1.0,0,1,1.0,4.31748811353631,6.96507090268619,0.0,0,4.0,0.06281997539519935,-2.7026022900588615,True
65,대조,0,15.0,25.0,388.93,127.0,2.0,6.79,0.0,6.0,0,0.0,0.0,0.0,49.69,4.0,15.0,0,1,15.0,3.258096538021482,5.965967235834453,0.01745815442367521,0,6.0,0.014052679188112925,-4.250789858860664,True
69,대조,0,7.0,40.0,900.37,531.0,1.0,4.97,0.0,7.0,0,0.0,0.0,0.0,462.49,19.0,7.0,0,1,7.0,3.713572066704308,6.80391582814069,0.005519952908248831,0,6.0,0.04054279861610149,-3.1640095372372046,True
71,대조,0,8.0,10.0,184.39000000000001,61.0,0.0,0.0,0.0,2.0,1,0.0,0.0,0.0,239.9,7.0,8.0,0,1,8.0,2.3978952727983707,5.222461714244501,0.0,0,2.0,0.010408546064222394,-4.554664979512811,True
73,대조,0,7.0,2.0,33.44,14.0,0.0,0.0,0.0,4.0,0,0.0,0.0,0.0,81.88,2.0,7.0,0,1,7.0,1.0986122886681098,3.53921867955953,0.0,0,4.0,0.00024111818685704605,-8.329982195524353,False
74,대조,0,3.0,11.0,176.27,127.0,0.0,0.0,0.0,5.0,1,0.0,0.0,0.0,0.0,0.0,3.0,0,0,3.0,2.4849066497880004,5.177673994025693,0.0,0,5.0,0.008074066896277241,-4.810991132496226,False
77,대조,0,2.0,10.0,844.4300000000001,404.0,0.0,0.0,1.0,2.0,1,1.0,1.0,1.0,832.04,8.0,2.0,1,1,2.0,2.3978952727983707,6.739845373663468,0.0,1,2.0,0.031042146306756085,-3.4408752768991775,True
78,대조,0,2.0,39.0,518.67,348.0,0.0,0.0,0.0,5.0,1,0.0,0.0,0.0,312.43,22.0,2.0,0,1,2.0,3.6888794541139363,6.25319399473728,0.0,0,5.0,0.048750265386449845,-2.9710659889351363,True
79,대조,0,1.0,15.0,378.34000000000003,32873.0,2.0,20.98,1.0,1.0,0,17.48,2.0,2.0,569.5600000000001,20.0,1.0,1,1,1.0,2.772588722239781,5.938432900556176,0.05545276735211714,1,1.0,0.009617552888860344,-4.634501323882492,True
80,대조,0,2.0,18.0,610.88,26831.0,2.0,16.98,1.0,2.0,1,9.99,1.0,1.0,277.59,9.0,2.0,1,1,2.0,2.9444389791664403,6.416536184855064,0.02779596647459403,1,2.0,0.03353356034003785,-3.361099835907292,True
81,대조,0,5.0,12.0,242.74,111.0,0.0,0.0,0.0,4.0,0,0.0,0.0,0.0,46.0,6.0,5.0,0,1,5.0,2.5649493574615367,5.496102083395356,0.0,0,4.0,0.0052800218944731615,-5.238531024120242,False
83,대조,0,2.0,17.0,159.61,52.0,0.0,0.0,0.0,1.0,0,0.0,0.0,0.0,23.47,4.0,2.0,0,1,2.0,2.8903717578961645,5.0789790660748055,0.0,0,1.0,0.0040967347003204565,-5.493459887827022,False
86,대조,0,4.0,5.0,514.4,183.0,3.0,6.1899999999999995,0.0,2.0,1,0.0,0.0,0.0,12.8,1.0,4.0,0,1,4.0,1.791759469228055,6.244943298218264,0.01203343701399689,0,2.0,0.035440745005264646,-3.303809119321228,True
91,대조,0,2.0,44.0,658.51,72815.0,0.0,0.0,0.0,2.0,0,0.0,0.0,0.0,273.43,15.0,2.0,0,1,2.0,3.8066624897703196,6.491497135044686,0.0,0,2.0,0.03324376242802933,-3.3700792292170245,True
92,대조,0,2.0,11.0,457.3,249.0,0.0,0.0,0.0,1.0,0,0.0,0.0,0.0,166.92,4.0,2.0,0,1,2.0,2.4849066497880004,6.127523991515078,0.0,0,1.0,0.014056127553302756,-4.2505410029909125,True
93,대조,0,,0.0,0.0,0.0,0.0,0.0,0.0,12.0,0,0.0,0.0,0.0,0.0,0.0,90.0,0,0,90.0,0.0,0.0,0.0,0,6.0,2.1523700481703245e-06,-13.048938822605537,False
96,대조,0,,0.0,0.0,0.0,0.0,0.0,0.0,2.0,0,0.0,0.0,0.0,27.43,2.0,90.0,0,1,90.0,0.0,0.0,0.0,0,2.0,2.8063103242071947e-06,-12.7836371829959,False
97,대조,0,1.0,28.0,742.77,106381.0,0.0,0.0,0.0,4.0,1,0.0,0.0,0.0,425.04,12.0,1.0,0,1,1.0,3.367295829986474,6.6117318472545925,0.0,0,4.0,0.0724288554698564,-2.54996472103001,True
98,대조,0,1.0,72.0,930.59,620.0,0.0,0.0,0.0,2.0,1,0.0,0.0,0.0,393.51,35.0,1.0,0,1,1.0,4.290459441148391,6.836892803731878,0.0,0,2.0,0.1425294959213899,-1.7944378136610317,True
103,대조,0,6.0,7.0,54.02,20.0,0.0,0.0,0.0,1.0,0,0.0,0.0,0.0,42.73,6.0,6.0,0,1,6.0,2.0794415416798357,4.007696755496428,0.0,0,1.0,0.0007671985644351649,-7.171997412559119,False
105,대조,0,4.0,23.0,403.24,249.0,1.0,1.19,8.0,8.0,1,6.69,2.0,2.0,537.04,33.0,4.0,1,1,4.0,3.1780538303479458,6.002008760983653,0.002951096121416526,1,6.0,0.012598409091663546,-4.361506293613783,True
108,대조,0,3.0,11.0,340.42,14989.0,3.0,18.88,0.0,4.0,0,0.0,0.0,0.0,7.39,1.0,3.0,0,1,3.0,2.4849066497880004,5.833113390952607,0.05546090123964514,0,4.0,0.014696108573343709,-4.205367376967092,True
109,대조,0,1.0,14.0,443.84000000000003,187.0,2.0,5.38,0.0,4.0,1,8.99,1.0,1.0,433.67,10.0,1.0,1,1,1.0,2.70805020110221,6.097714666950641,0.012121485219899062,0,4.0,0.034741446539508704,-3.324462597534262,True
110,대조,0,9.0,27.0,462.66,25138.0,1.0,3.08,0.0,4.0,1,0.0,0.0,0.0,223.27,15.0,9.0,0,1,9.0,3.332204510175204,6.139151525006747,0.006657156443176415,0,4.0,0.044553798866502584,-3.0654810354255626,True
111,대조,0,3.0,5.0,94.6,34.0,0.0,0.0,0.0,1.0,0,0.0,0.0,0.0,46.39,2.0,3.0,0,1,3.0,1.791759469228055,4.560172820057356,0.0,0,1.0,0.0014131961870608592,-6.560487144881192,False
112,대조,0,3.0,14.0,221.51,36406.0,0.0,0.0,0.0,1.0,0,0.0,0.0,0.0,74.48,5.0,3.0,0,1,3.0,2.70805020110221,5.404972044416576,0.0,0,1.0,0.0059340433977824675,-5.121097723932642,False
114,대조,0,9.0,11.0,357.16,144.0,10.0,42.45,0.0,4.0,1,31.96,14.0,7.0,397.17,6.0,9.0,1,1,9.0,2.4849066497880004,5.8809798139327105,0.1188542949938403,0,4.0,0.08047992781861589,-2.435844063793369,True
116,대조,0,11.0,11.0,78.7,60.0,0.0,0.0,0.0,2.0,0,0.0,0.0,0.0,26.37,4.0,11.0,0,1,11.0,2.4849066497880004,4.378269585796169,0.0,0,2.0,0.0013902646186995113,-6.576869944859885,False
117,대조,0,6.0,11.0,279.51,183.0,0.0,0.0,2.0,7.0,1,0.0,0.0,0.0,132.56,4.0,6.0,0,1,6.0,2.4849066497880004,5.636609374951169,0.0,1,6.0,0.005996663330639205,-5.110537360480625,False
118,대조,0,6.0,10.0,668.15,10139.0,15.0,78.78,0.0,5.0,1,48.620000000000005,8.0,8.0,446.01,7.0,6.0,1,1,6.0,2.3978952727983707,6.506008250242384,0.11790765546658685,0,5.0,0.149978278473393,-1.7347714304621604,True
119,대조,0,9.0,13.0,760.21,232.0,0.0,0.0,0.0,2.0,1,0.0,0.0,0.0,331.23,10.0,9.0,0,1,9.0,2.6390573296152584,6.634909272487568,0.0,0,2.0,0.06931986548029796,-2.597184122013911,True
121,대조,0,20.0,12.0,180.84,14737.0,0.0,0.0,0.0,3.0,1,0.0,0.0,0.0,84.56,3.0,20.0,0,1,20.0,2.5649493574615367,5.203127179544288,0.0,0,3.0,0.010787539798362071,-4.518517386102677,True
122,대조,0,28.0,11.0,130.94,58.0,0.0,0.0,0.0,5.0,0,0.0,0.0,0.0,42.63,3.0,28.0,0,1,28.0,2.4849066497880004,4.882347273794725,0.0,0,5.0,0.0024440263862023103,-6.01166142351871,False
123,대조,0,2.0,17.0,279.97,117.0,12.0,47.75,0.0,3.0,1,23.97,3.0,3.0,95.3,7.0,2.0,1,1,2.0,2.8903717578961645,5.638247902068488,0.1705539879272779,0,3.0,0.11890331762386701,-2.0028566555979035,True
131,대조,0,2.0,32.0,718.3,363.0,1.0,2.29,0.0,7.0,1,0.0,0.0,0.0,289.06,10.0,2.0,0,1,2.0,3.4965075614664802,6.5782785168733104,0.0031880829736878743,0,6.0,0.0666413355512016,-2.639464508665444,True
132,대조,0,9.0,5.0,271.75,146.0,0.0,0.0,0.0,6.0,0,0.0,0.0,0.0,217.14000000000001,9.0,9.0,0,1,9.0,1.791759469228055,5.60855562471318,0.0,0,6.0,0.004185415952156114,-5.471954989461365,False
133,대조,0,2.0,10.0,597.97,273.0,0.0,0.0,0.0,4.0,1,0.99,1.0,1.0,389.36,6.0,2.0,1,1,2.0,2.3978952727983707,6.395211513388777,0.0,0,4.0,0.04023503987091819,-3.171950166737746,True
134,대조,0,33.0,8.0,596.83,269.0,0.0,0.0,0.0,6.0,1,0.0,0.0,0.0,492.77,8.0,33.0,0,1,33.0,2.1972245773362196,6.393306432598692,0.0,0,6.0,0.03919724426962175,-3.1991626938430366,True
137,대조,0,33.0,3.0,43.730000000000004,25.0,0.0,0.0,0.0,1.0,0,0.0,0.0,0.0,0.0,0.0,33.0,0,0,33.0,1.3862943611198906,3.8006444174447567,0.0,0,1.0,0.0005341622027653912,-7.534276709711715,False
138,대조,0,1.0,18.0,700.63,293.0,2.0,20.979999999999997,0.0,2.0,0,0.0,0.0,0.0,239.23,10.0,1.0,0,1,1.0,2.9444389791664403,6.553406199550886,0.0299444785407419,0,2.0,0.03700307437399974,-3.2590492189151394,True
139,대조,0,8.0,13.0,484.74,24402.0,0.0,0.0,5.0,2.0,1,0.0,0.0,0.0,400.95,8.0,8.0,0,1,8.0,2.6390573296152584,6.185673501324075,0.0,1,2.0,0.01706138827269244,-4.053728753632509,True
140,대조,0,35.0,5.0,33.39,14.0,2.0,6.779999999999999,0.0,3.0,0,0.0,0.0,0.0,20.79,2.0,35.0,0,1,35.0,1.791759469228055,3.537765824444175,0.20305480682839172,0,3.0,0.0038241941151184013,-5.5625759977182625,False
142,대조,0,4.0,14.0,230.1,107.0,0.0,0.0,0.0,7.0,0,0.0,0.0,0.0,249.31,18.0,4.0,0,1,4.0,2.70805020110221,5.442850517280335,0.0,0,6.0,0.0045101709432653035,-5.3968998505733365,False
144,대조,0,10.0,3.0,106.78,49.0,0.0,0.0,0.0,4.0,0,0.0,0.0,0.0,0.0,0.0,10.0,0,0,10.0,1.3862943611198906,4.680092112505351,0.0,0,4.0,0.0012251038168813466,-6.70350383523179,False
145,대조,0,3.0,7.0,224.29,80.0,0.0,0.0,0.0,1.0,0,0.0,0.0,0.0,274.14,9.0,3.0,0,1,3.0,2.0794415416798357,5.417388461189051,0.0,0,1.0,0.004839026519130797,-5.326190938378354,False
151,대조,0,22.0,4.0,155.61,64.0,0.0,0.0,0.0,1.0,0,0.0,0.0,0.0,55.88,3.0,22.0,0,1,22.0,1.6094379124341003,5.053758638478342,0.0,0,1.0,0.002834965048283529,-5.862886679353427,False
155,대조,0,11.0,5.0,109.48,53.0,1.0,2.0,0.0,2.0,1,0.0,0.0,0.0,8.459999999999999,1.0,11.0,0,1,11.0,1.791759469228055,4.704834509101037,0.01826817683595177,0,2.0,0.005333577963214777,-5.228385126091409,False
156,대조,0,1.0,46.0,330.42,132.0,0.0,0.0,1.0,8.0,0,0.0,0.0,0.0,332.61,22.0,1.0,0,1,1.0,3.8501476017100584,5.8033864532016475,0.0,1,6.0,0.004530835078121947,-5.392307882099363,False
157,대조,0,3.0,13.0,299.40000000000003,127.0,0.0,0.0,0.0,5.0,1,0.0,0.0,0.0,268.68,13.0,3.0,0,1,3.0,2.6390573296152584,5.70511491988998,0.0,0,5.0,0.01696338781216016,-4.059589001321268,True
158,대조,0,1.0,22.0,137.6,57.0,0.0,0.0,0.0,4.0,1,0.0,0.0,1.0,131.81,11.0,1.0,1,1,1.0,3.1354942159291497,4.931592086755803,0.0,0,4.0,0.007750825009885509,-4.852174969621176,False
160,대조,0,11.0,12.0,256.41,12375.0,0.0,0.0,0.0,1.0,0,0.0,0.0,0.0,357.45,7.0,11.0,0,1,11.0,2.5649493574615367,5.550670144446233,0.0,0,1.0,0.007154346420234493,-4.932855154545571,False
162,대조,0,10.0,13.0,551.29,210.0,6.0,28.810000000000002,0.0,4.0,0,5.68,2.0,2.0,311.37,5.0,10.0,1,1,10.0,2.6390573296152584,6.314073270641468,0.05225924649458544,0,4.0,0.028993093609484693,-3.511275930696768,True
164,처치,1,10.0,22.0,710.22,365.0,2.0,13.98,6.0,3.0,1,26.950000000000003,5.0,4.0,513.53,11.0,10.0,1,1,10.0,3.1354942159291497,6.566981805289108,0.01968404156458562,1,3.0,0.038905374502018336,-3.206940466695015,True
165,대조,0,10.0,29.0,369.26,46924.0,0.0,0.0,0.0,7.0,1,0.0,0.0,0.0,188.84,9.0,10.0,0,1,10.0,3.4011973816621555,5.91420546156103,0.0,0,6.0,0.02817684158117585,-3.5406734320929263,True
166,대조,0,3.0,20.0,572.61,219.0,4.0,41.96,0.0,2.0,1,8.99,1.0,1.0,427.1,10.0,3.0,1,1,3.0,3.044522437723423,6.3519497228851876,0.0732784967080561,0,2.0,0.11570156770915084,-2.033780414870696,True
179,대조,0,,0.0,0.0,0.0,0.0,0.0,0.0,1.0,0,0.0,0.0,0.0,0.0,0.0,90.0,0,0,90.0,0.0,0.0,0.0,0,1.0,2.998750752517713e-06,-12.717311773093492,False
180,대조,0,10.0,7.0,173.75,84.0,0.0,0.0,0.0,2.0,0,0.0,0.0,0.0,5.0,1.0,10.0,0,1,10.0,2.0794415416798357,5.163356381113919,0.0,0,2.0,0.003375233681860802,-5.687909775351978,False
181,대조,0,67.0,3.0,111.35,8576.0,0.0,0.0,0.0,2.0,0,0.0,0.0,0.0,0.0,0.0,67.0,0,0,67.0,1.3862943611198906,4.721618998631338,0.0,0,2.0,0.0020508382179609767,-6.187453738526698,False
183,대조,0,10.0,5.0,42.13,17.0,0.0,0.0,0.0,5.0,0,0.0,0.0,0.0,8.25,2.0,10.0,0,1,10.0,1.791759469228055,3.764218810659752,0.0,0,5.0,0.00039453630758124744,-7.837404773329263,False
184,대조,0,1.0,53.0,1381.41,137773.0,0.0,0.0,0.0,5.0,1,36.35,5.0,4.0,635.94,23.0,1.0,1,1,1.0,3.9889840465642745,7.231583631819924,0.0,0,5.0,0.1710777557513091,-1.5780081909541888,True
185,대조,0,5.0,9.0,272.52,9892.0,0.0,0.0,0.0,1.0,0,0.0,0.0,0.0,329.56,6.0,5.0,0,1,5.0,2.302585092994046,5.611374745331045,0.0,0,1.0,0.006829465728131012,-4.979655939489355,False
187,대조,0,29.0,4.0,33.480000000000004,14.0,0.0,0.0,0.0,2.0,0,6.99,1.0,1.0,137.63,10.0,29.0,1,1,29.0,1.6094379124341003,3.5403794457954922,0.0,0,2.0,0.00037470312287172727,-7.889001744532335,False
188,대조,0,6.0,4.0,14.85,14.0,0.0,0.0,0.0,2.0,0,0.0,0.0,0.0,131.63,5.0,6.0,0,1,6.0,1.6094379124341003,2.7631695003232895,0.0,0,2.0,0.00011752428251329472,-9.048748054854585,False
193,대조,0,4.0,18.0,507.79,54697.0,0.0,0.0,0.0,5.0,1,14.68,2.0,2.0,123.66,6.0,4.0,1,1,4.0,2.9444389791664403,6.232035357744718,0.0,0,5.0,0.03733328446353783,-3.2498219884958806,True
194,대조,0,13.0,6.0,184.16,71.0,0.0,0.0,0.0,1.0,0,0.0,0.0,0.0,290.48,12.0,13.0,0,1,13.0,1.9459101490553132,5.22122031616307,0.0,0,1.0,0.003777637676516762,-5.574871627047358,False
195,대조,0,35.0,5.0,247.77,28057.0,1.0,8.99,0.0,2.0,0,0.0,0.0,0.0,293.77,5.0,35.0,0,1,35.0,1.791759469228055,5.516528774816684,0.036283650159422046,0,2.0,0.008426484834847101,-4.767913388377687,False
200,대조,0,1.0,33.0,540.75,234.0,1.0,11.99,0.0,1.0,0,0.0,0.0,0.0,71.95,5.0,1.0,0,1,1.0,3.5263605246161616,6.294804640416468,0.022172907998150717,0,1.0,0.03175679134826573,-3.4173767011281155,True
205,대조,0,5.0,22.0,848.16,296.0,0.0,0.0,0.0,4.0,0,0.0,0.0,0.0,765.91,11.0,5.0,0,1,5.0,3.1354942159291497,6.744247625563801,0.0,0,4.0,0.032675894446728894,-3.387895972155282,True
208,대조,0,1.0,17.0,564.51,33246.0,0.0,0.0,5.0,8.0,1,0.0,0.0,0.0,351.66,16.0,1.0,0,1,1.0,2.8903717578961645,6.337727978865784,0.0,1,6.0,0.016792988316565328,-4.069858252538705,True
209,대조,0,1.0,35.0,1155.29,62866.0,5.0,49.15,0.0,5.0,1,57.83,7.0,7.0,468.76,18.0,1.0,1,1,1.0,3.58351893845611,7.052971882822851,0.04254343065377524,0,5.0,0.18609271922090356,-1.4756014138949256,True
211,대조,0,1.0,16.0,146.88,97.0,0.0,0.0,0.0,2.0,1,0.0,0.0,0.0,181.71,21.0,1.0,0,1,1.0,2.833213344056216,4.996401134068432,0.0,0,2.0,0.008659636600891755,-4.74038517110416,False
212,대조,0,6.0,12.0,409.57,13885.0,0.0,0.0,0.0,5.0,1,0.0,0.0,0.0,102.34,4.0,6.0,0,1,6.0,2.5649493574615367,6.017546438106483,0.0,0,5.0,0.02519745407537861,-3.65549197282931,True
214,대조,0,10.0,13.0,436.56,187.0,0.0,0.0,0.0,4.0,1,0.0,0.0,0.0,176.06,6.0,10.0,0,1,10.0,2.6390573296152584,6.08121383925159,0.0,0,4.0,0.03059474945467073,-3.455854331893188,True
215,대조,0,1.0,28.0,341.8,22391.0,0.0,0.0,0.0,1.0,0,0.0,0.0,0.0,149.76,15.0,1.0,0,1,1.0,3.367295829986474,5.837147186723625,0.0,0,1.0,0.013007344948715353,-4.329148403748711,True
216,대조,0,1.0,26.0,481.77,157.0,14.0,48.07,0.0,2.0,1,17.55,21.0,17.0,90.48,6.0,1.0,1,1,1.0,3.295836866004329,6.179540349761691,0.09977790231853374,0,2.0,0.1318388517704764,-1.8847969952129295,True
217,대조,0,14.0,7.0,291.07,40167.0,0.0,0.0,0.0,2.0,0,0.0,0.0,0.0,288.09000000000003,7.0,14.0,0,1,14.0,2.0794415416798357,5.676993499565986,0.0,0,2.0,0.006786464025904206,-4.986015638280133,False
218,대조,0,3.0,20.0,1309.89,140695.0,2.0,10.18,0.0,4.0,1,37.06,4.0,4.0,651.6,10.0,3.0,1,1,3.0,3.044522437723423,7.178461574827731,0.0077716449472856495,0,4.0,0.140006593096317,-1.8152352077815406,True
220,대조,0,23.0,6.0,259.0,9247.0,0.0,0.0,0.0,3.0,1,0.0,0.0,0.0,54.43,3.0,23.0,0,1,23.0,1.9459101490553132,5.560681631015528,0.0,0,3.0,0.014108038124482875,-4.246802061763856,True
221,대조,0,2.0,12.0,463.17,8606.0,0.0,0.0,0.0,3.0,1,0.0,0.0,0.0,206.68,5.0,2.0,0,1,2.0,2.5649493574615367,6.14025086443609,0.0,0,3.0,0.03280800335018339,-3.3837245342993727,True
222,대조,0,2.0,12.0,474.92,306.0,0.0,0.0,0.0,3.0,1,0.0,0.0,0.0,456.18,9.0,2.0,0,1,2.0,2.5649493574615367,6.16524977287965,0.0,0,3.0,0.03387273613544023,-3.3506851216496276,True
226,대조,0,5.0,4.0,113.26,82.0,0.0,0.0,0.0,1.0,0,0.0,0.0,0.0,5.0,1.0,5.0,0,1,5.0,1.6094379124341003,4.738476553296317,0.0,0,1.0,0.0016963938645724957,-6.377552702734363,False
227,대조,0,3.0,33.0,274.82,9601.0,1.0,0.5,0.0,1.0,0,0.0,0.0,0.0,137.42,14.0,3.0,0,1,3.0,3.5263605246161616,5.619748479046192,0.0018193726802998326,0,1.0,0.010683552456300283,-4.528308842408476,True
228,대조,0,4.0,12.0,149.87,2487.0,0.0,0.0,0.0,2.0,0,0.0,0.0,0.0,62.46,6.0,4.0,0,1,4.0,2.5649493574615367,5.016418538851983,0.0,0,2.0,0.0031865976130393196,-5.745609824742998,False
235,대조,0,2.0,25.0,1620.24,63205.0,0.0,0.0,0.0,7.0,1,0.0,0.0,0.0,563.76,8.0,2.0,0,1,2.0,3.258096538021482,7.390946567531446,0.0,0,6.0,0.15636935767431023,-1.6854938851155614,True
236,대조,0,1.0,5.0,160.93,53.0,0.0,0.0,0.0,2.0,0,0.0,0.0,0.0,126.78,4.0,1.0,0,1,1.0,1.791759469228055,5.08716414308538,0.0,0,2.0,0.0026202818559048027,-5.941849667602613,False
245,대조,0,12.0,11.0,533.74,44227.0,0.0,0.0,0.0,1.0,0,0.0,0.0,0.0,25.01,1.0,12.0,0,1,12.0,2.4849066497880004,6.281780647460406,0.0,0,1.0,0.018180895116666852,-3.989035756594874,True
246,대조,0,12.0,3.0,14.82,7.0,0.0,0.0,0.0,2.0,0,0.0,0.0,0.0,90.88,4.0,12.0,0,1,12.0,1.3862943611198906,2.761274962339508,0.0,0,2.0,0.00011217922776999953,-9.09530053223484,False
249,대조,0,4.0,32.0,831.82,518.0,22.0,54.010000000000005,0.0,3.0,1,1.96,2.0,2.0,24.4,5.0,4.0,1,1,4.0,3.4965075614664802,6.7248175323822315,0.06492991272150225,0,3.0,0.17700998753889907,-1.5367379073208776,True
251,대조,0,1.0,9.0,248.62,74.0,0.0,0.0,2.0,2.0,0,0.0,0.0,0.0,163.91,6.0,1.0,0,1,1.0,2.302585092994046,5.519939761490308,0.0,1,2.0,0.002359520543928086,-6.046934531337742,False
257,대조,0,9.0,18.0,468.19,225.0,10.0,18.32,0.0,3.0,1,7.08,9.0,5.0,171.27,5.0,9.0,1,1,9.0,2.9444389791664403,6.151007803679223,0.03912941327238942,0,3.0,0.05993270417051419,-2.752729128406278,True
258,대조,0,1.0,12.0,162.67000000000002,91.0,3.0,7.78,0.0,5.0,0,6.98,2.0,2.0,332.82,11.0,1.0,1,1,1.0,2.5649493574615367,5.097852205517793,0.04782688879326243,0,5.0,0.004902315819160512,-5.313133197771909,False
261,대조,0,9.0,1.0,66.64,16.0,0.0,0.0,0.0,1.0,0,0.0,0.0,0.0,0.0,0.0,9.0,0,0,9.0,0.6931471805599453,4.21419952403038,0.0,0,1.0,0.0006292985492845304,-7.370275276077711,False
264,대조,0,31.0,3.0,95.06,49.0,0.0,0.0,0.0,1.0,1,0.0,0.0,0.0,27.020000000000003,1.0,31.0,0,1,31.0,1.3862943611198906,4.564972996236678,0.0,0,1.0,0.003753902077698662,-5.581198460296996,False
265,대조,0,53.0,3.0,75.94,36.0,1.0,14.99,0.0,3.0,0,32.150000000000006,5.0,5.0,189.18,7.0,53.0,1,1,53.0,1.3862943611198906,4.343025897324149,0.19739267843033975,0,3.0,0.009936928823332653,-4.6015106479273635,True
266,대조,0,26.0,5.0,305.79,13857.0,0.0,0.0,0.0,2.0,0,0.0,0.0,0.0,593.61,7.0,26.0,0,1,26.0,1.791759469228055,5.726163474437768,0.0,0,2.0,0.007010992226603185,-4.9532403587880305,False
271,대조,0,18.0,3.0,59.589999999999996,7.0,0.0,0.0,0.0,4.0,0,27.97,10.0,6.0,574.97,6.0,18.0,1,1,18.0,1.3862943611198906,4.104129862956897,0.0,0,4.0,0.0005996241266006262,-7.4186077507460455,False
273,대조,0,2.0,29.0,683.6,283.0,3.0,25.97,0.0,2.0,0,0.0,0.0,0.0,151.78,9.0,2.0,0,1,2.0,3.4011973816621555,6.528834726096085,0.03799005266237566,0,2.0,0.04592276176147791,-3.033783737593046,True
275,대조,0,3.0,56.0,1198.69,44451.0,0.0,0.0,0.0,3.0,0,0.0,0.0,0.0,569.84,36.0,3.0,0,1,3.0,4.04305126783455,7.089818469068955,0.0,0,3.0,0.0719854888397087,-2.5565828148796985,True
278,대조,0,8.0,8.0,94.88,30.0,0.0,0.0,0.0,3.0,0,0.0,0.0,0.0,171.02,16.0,8.0,0,1,8.0,2.1972245773362196,4.563097409566184,0.0,0,3.0,0.0014750583550243851,-6.5175815799199475,False
279,대조,0,4.0,11.0,387.14,38684.0,0.0,0.0,0.0,1.0,0,0.0,0.0,0.0,0.0,0.0,4.0,0,0,4.0,2.4849066497880004,5.961366099283949,0.0,0,1.0,0.011445873974188342,-4.458614083369446,True
280,대조,0,19.0,20.0,378.45,32627.0,0.0,0.0,0.0,1.0,0,0.0,0.0,0.0,229.74,9.0,19.0,0,1,19.0,3.044522437723423,5.938722835849922,0.0,0,1.0,0.014702928257682745,-4.204896516229061,True
282,대조,0,1.0,13.0,692.22,27478.0,0.0,0.0,0.0,5.0,1,0.0,0.0,0.0,492.62,15.0,1.0,0,1,1.0,2.6390573296152584,6.541347409127499,0.0,0,5.0,0.0489893464781115,-2.9659224092664878,True
285,대조,0,4.0,29.0,768.41,10775.0,0.0,0.0,0.0,6.0,0,0.0,0.0,0.0,402.81,29.0,4.0,0,1,4.0,3.4011973816621555,6.645623987374361,0.0,0,6.0,0.027571105504030424,-3.5630286343094415,True
286,대조,0,4.0,10.0,324.62,117.0,5.0,56.55,0.0,1.0,0,92.46000000000001,17.0,11.0,135.41,4.0,4.0,1,1,4.0,2.3978952727983707,5.7857310573033685,0.17420368430780603,0,1.0,0.06006159527132779,-2.75044372273607,True
287,대조,0,6.0,38.0,526.32,20177.0,2.0,6.16,0.0,8.0,0,10.42,3.0,3.0,520.85,38.0,6.0,1,1,6.0,3.6635616461296463,6.267807574889769,0.011703906368749049,0,6.0,0.021332329539974847,-3.8259683859693183,True
288,대조,0,1.0,11.0,333.93,16312.0,0.0,0.0,0.0,3.0,0,0.0,0.0,0.0,310.88,10.0,1.0,0,1,1.0,2.4849066497880004,5.813921554767002,0.0,0,3.0,0.008134905590244518,-4.803422969273372,False
289,대조,0,3.0,36.0,1282.27,128807.0,0.0,0.0,0.0,5.0,1,0.0,0.0,0.0,606.79,15.0,3.0,0,1,3.0,3.6109179126442243,7.157166786746586,0.0,0,5.0,0.1420882940038954,-1.7980525342976996,True
293,대조,0,9.0,8.0,487.24,181.0,0.0,0.0,0.0,5.0,0,0.0,0.0,0.0,99.60000000000001,3.0,9.0,0,1,9.0,2.1972245773362196,6.190807088236239,0.0,0,5.0,0.011060727397012351,-4.493232164712677,True
294,대조,0,5.0,29.0,661.5,349.0,1.0,5.0,0.0,10.0,1,7.99,1.0,1.0,337.34,23.0,5.0,1,1,5.0,3.4011973816621555,6.496020557860377,0.007558578987150416,0,6.0,0.062092539021078724,-2.7150254513332523,True
297,대조,0,5.0,31.0,1385.59,7705.0,0.0,0.0,0.0,2.0,0,0.0,0.0,0.0,531.91,8.0,5.0,0,1,5.0,3.4657359027997265,7.234602774597198,0.0,0,2.0,0.07650512143063073,-2.490807568551885,True
300,대조,0,6.0,16.0,419.02,195.0,0.0,0.0,0.0,6.0,1,0.0,0.0,0.0,92.84,3.0,6.0,0,1,6.0,2.833213344056216,6.040302329191282,0.0,0,6.0,0.02666921481783724,-3.5972140915177433,True
302,대조,0,2.0,18.0,235.19,87.0,0.0,0.0,0.0,1.0,1,0.0,0.0,0.0,80.57000000000001,6.0,2.0,0,1,2.0,2.9444389791664403,5.4646365658644855,0.0,0,1.0,0.017805748949208562,-4.010267720625418,True
303,대조,0,1.0,25.0,682.54,13314.0,0.0,0.0,0.0,4.0,0,0.0,0.0,0.0,746.3,19.0,1.0,0,1,1.0,3.258096538021482,6.527285176763272,0.0,0,4.0,0.02522199641310914,-3.6544932691231384,True
306,대조,0,6.0,54.0,1616.67,109832.0,5.0,15.280000000000001,0.0,4.0,1,11.13,5.0,4.0,668.99,21.0,6.0,1,1,6.0,4.007333185232471,7.388742121316067,0.009451526904068239,0,4.0,0.23834791222687443,-1.1617584513599735,True
307,대조,0,1.0,71.0,490.41,11090.0,0.0,0.0,1.0,4.0,0,0.0,0.0,0.0,230.87,34.0,1.0,0,1,1.0,4.276666119016055,6.19727880990037,0.0,1,4.0,0.010062931144450558,-4.588782885815342,True
308,대조,0,7.0,19.0,738.5,9744.0,5.0,26.85,0.0,1.0,0,25.75,5.0,5.0,308.24,10.0,7.0,1,1,7.0,2.995732273553991,6.6059742821508545,0.036357481381178065,0,1.0,0.047514684391645155,-2.99803588184551,True
312,대조,0,55.0,2.0,173.53,56.0,0.0,0.0,0.0,2.0,0,0.0,0.0,0.0,228.08,3.0,55.0,0,1,55.0,1.0986122886681098,5.162096646636745,0.0,0,2.0,0.003092015452475116,-5.77583534509415,False
314,대조,0,8.0,6.0,502.86,255.0,0.0,0.0,0.0,1.0,1,0.0,0.0,0.0,412.64,5.0,8.0,0,1,8.0,1.9459101490553132,6.222298451706198,0.0,0,1.0,0.03468365339710634,-3.3261873756303566,True
317,대조,0,6.0,6.0,597.77,193.0,0.0,0.0,0.0,6.0,1,0.0,0.0,0.0,625.17,5.0,6.0,0,1,6.0,1.9459101490553132,6.3948775510900155,0.0,0,6.0,0.031030731105475735,-3.4412548577115967,True
318,대조,0,37.0,3.0,55.43,25.0,0.0,0.0,0.0,3.0,0,16.48,2.0,2.0,145.83,6.0,37.0,1,1,37.0,1.3862943611198906,4.033000931981049,0.0,0,3.0,0.0006507178685768637,-7.3367834616176735,False
319,대조,0,20.0,14.0,485.34000000000003,34338.0,0.0,0.0,0.0,5.0,1,0.0,0.0,0.0,35.17,3.0,20.0,0,1,20.0,2.70805020110221,6.186907967779913,0.0,0,5.0,0.03555248573309913,-3.3005453373351843,True
321,대조,0,9.0,12.0,831.51,280.0,8.0,55.480000000000004,0.0,7.0,1,0.0,0.0,0.0,276.33,4.0,9.0,0,1,9.0,2.5649493574615367,6.724445233794468,0.06672198770910753,0,6.0,0.11759890651460302,-2.015366970079799,True
322,대조,0,43.0,6.0,133.52,55.0,0.0,0.0,0.0,3.0,0,0.0,0.0,0.0,331.71,11.0,43.0,0,1,43.0,1.9459101490553132,4.901712886872069,0.0,0,3.0,0.002581264509066864,-5.956891278608381,False
330,대조,0,36.0,15.0,66.93,59.0,0.0,0.0,0.0,2.0,0,0.0,0.0,0.0,135.39000000000001,3.0,36.0,0,1,36.0,2.772588722239781,4.218477763203211,0.0,0,2.0,0.0014386654502747764,-6.542599664431127,False
331,대조,0,50.0,8.0,200.62,72.0,0.0,0.0,0.0,2.0,0,0.0,0.0,0.0,40.23,3.0,50.0,0,1,50.0,2.1972245773362196,5.3063847376257955,0.0,0,2.0,0.005341792785387528,-5.226837843579466,False
333,대조,0,80.0,2.0,80.96000000000001,32.0,1.0,3.49,0.0,1.0,0,0.0,0.0,0.0,2.99,1.0,80.0,0,1,80.0,1.0986122886681098,4.406231323370699,0.043107707509881424,0,1.0,0.002290534181628558,-6.076677060064079,False
335,대조,0,5.0,15.0,275.38,115.0,0.0,0.0,0.0,3.0,0,0.0,0.0,0.0,136.13,5.0,5.0,0,1,5.0,2.772588722239781,5.6217767303753385,0.0,0,3.0,0.007153717458001086,-4.9329437052086735,False
336,대조,0,38.0,14.0,412.15000000000003,9864.0,0.0,0.0,0.0,2.0,0,0.0,0.0,0.0,24.03,2.0,38.0,0,1,38.0,2.70805020110221,6.023810723147194,0.0,0,2.0,0.015249757291414597,-4.1678244607085,True
337,대조,0,42.0,7.0,105.36,46.0,0.0,0.0,0.0,1.0,0,0.0,0.0,0.0,6.130000000000001,1.0,42.0,0,1,42.0,2.0794415416798357,4.666829566374819,0.0,0,1.0,0.002252676045917454,-6.093381198608084,False
339,대조,0,1.0,8.0,128.72,89.0,0.0,0.0,0.0,2.0,0,0.0,0.0,0.0,69.18,4.0,1.0,0,1,1.0,2.1972245773362196,4.865378281439117,0.0,0,2.0,0.0022555676587768933,-6.09209548904169,False
343,대조,0,9.0,8.0,220.13,55.0,0.0,0.0,0.0,1.0,0,0.0,0.0,0.0,380.41,6.0,9.0,0,1,9.0,2.1972245773362196,5.398750763869307,0.0,0,1.0,0.0050932176689197405,-5.274739260839674,False
346,대조,0,6.0,17.0,1477.58,389.0,0.0,0.0,0.0,3.0,1,0.0,0.0,0.0,380.66,7.0,6.0,0,1,6.0,2.8903717578961645,7.298837446722848,0.0,0,3.0,0.15254554985231694,-1.7147738526664076,True
348,대조,0,1.0,52.0,1154.63,52510.0,0.0,0.0,0.0,1.0,0,0.0,0.0,0.0,378.05,6.0,1.0,0,1,1.0,3.970291913552122,7.05240092879509,0.0,0,1.0,0.07512192733208549,-2.510549424211017,True
350,대조,0,17.0,12.0,522.32,11769.0,0.0,0.0,0.0,5.0,1,0.0,0.0,0.0,228.27,5.0,17.0,0,1,17.0,2.5649493574615367,6.2601931316426755,0.0,0,5.0,0.03656533582783282,-3.2714039915410122,True
353,대조,0,15.0,23.0,986.28,376.0,1.0,4.69,1.0,3.0,1,0.0,0.0,0.0,428.2,10.0,15.0,0,1,15.0,3.1780538303479458,6.894953687144928,0.004755241919130471,1,3.0,0.052224128813278876,-2.8985734256120415,True
354,대조,0,1.0,15.0,1239.42,531.0,32.0,93.84,0.0,7.0,1,85.73,27.0,18.0,867.17,15.0,1.0,1,1,1.0,2.772588722239781,7.123205310927329,0.07571283342208453,0,6.0,0.20431015052321572,-1.3595702885899295,True
356,대조,0,1.0,30.0,473.94,30743.0,0.0,0.0,0.0,1.0,0,6.74,1.0,1.0,265.95,15.0,1.0,1,1,1.0,3.4339872044851463,6.1631884802666566,0.0,0,1.0,0.02033751299368436,-3.874740999883318,True
362,대조,0,4.0,10.0,386.43,171.0,0.0,0.0,0.0,3.0,1,0.0,0.0,0.0,218.46,6.0,4.0,0,1,4.0,2.3978952727983707,5.959535187313809,0.0,0,3.0,0.0248459034109584,-3.6699026200180334,True
364,대조,0,18.0,4.0,75.06,32.0,0.0,0.0,0.0,5.0,0,0.0,0.0,0.0,170.04,5.0,18.0,0,1,18.0,1.6094379124341003,4.331522502500114,0.0,0,5.0,0.0008196820209578136,-7.105774054087604,False
365,대조,0,1.0,18.0,726.17,55372.0,0.0,0.0,0.0,7.0,0,0.0,0.0,0.0,343.9,12.0,1.0,0,1,1.0,2.9444389791664403,6.589160287886882,0.0,0,6.0,0.02154372498306088,-3.815891510044781,True
368,대조,0,13.0,4.0,214.36,68.0,1.0,2.89,0.0,3.0,0,0.0,0.0,0.0,28.39,2.0,13.0,0,1,13.0,1.6094379124341003,5.372311046456363,0.013481992909124836,0,3.0,0.004177474346306191,-5.4738622140642725,False
370,대조,0,,0.0,0.0,0.0,0.0,0.0,0.0,1.0,1,0.0,0.0,0.0,0.0,0.0,90.0,0,0,90.0,0.0,0.0,0.0,0,1.0,7.788383446122433e-06,-11.762869447746354,False
376,대조,0,4.0,38.0,439.35,297.0,0.0,0.0,0.0,6.0,0,0.0,0.0,0.0,315.65,33.0,4.0,0,1,4.0,3.6635616461296463,6.087569865251469,0.0,0,6.0,0.014656265657009056,-4.2081226152446956,True
377,대조,0,1.0,17.0,665.11,315.0,0.0,0.0,0.0,5.0,1,0.0,0.0,0.0,267.49,9.0,1.0,0,1,1.0,2.8903717578961645,6.5014548220672905,0.0,0,5.0,0.050685993503402915,-2.9300900151619174,True
378,대조,0,4.0,31.0,461.81,183.0,0.0,0.0,3.0,5.0,1,0.0,0.0,0.0,293.53000000000003,17.0,4.0,0,1,4.0,3.4657359027997265,6.137316602691958,0.0,1,5.0,0.017151460721505356,-4.048371684942166,True
381,대조,0,8.0,15.0,554.91,9169.0,0.0,0.0,0.0,5.0,1,0.0,0.0,0.0,361.23,5.0,8.0,0,1,8.0,2.772588722239781,6.320606410644541,0.0,0,5.0,0.040300177609406074,-3.1702646744317153,True
383,대조,0,26.0,22.0,692.88,48123.0,0.0,0.0,0.0,4.0,1,0.0,0.0,0.0,175.95000000000002,6.0,26.0,0,1,26.0,3.1354942159291497,6.542299034893208,0.0,0,4.0,0.07048102929987521,-2.5793236308658676,True
387,대조,0,2.0,14.0,728.32,228.0,3.0,13.870000000000001,0.0,3.0,1,14.69,1.0,1.0,808.73,8.0,2.0,1,1,2.0,2.70805020110221,6.592112593171004,0.019043826889279438,0,3.0,0.07442380882241975,-2.5206405512656143,True
390,대조,0,5.0,21.0,260.53000000000003,96.0,6.0,19.94,0.0,3.0,1,8.38,2.0,1.0,119.21000000000001,6.0,5.0,1,1,5.0,3.091042453358316,5.566548999678172,0.07653629140598012,0,3.0,0.044220440834947576,-3.07334015530474,True
391,대조,0,46.0,16.0,133.96,73.0,0.0,0.0,0.0,2.0,1,0.0,0.0,0.0,0.0,0.0,46.0,0,0,46.0,2.833213344056216,4.904978438237713,0.0,0,2.0,0.009933513495219983,-4.601857857177812,True
393,대조,0,5.0,29.0,824.8,382.0,12.0,49.82,0.0,4.0,0,10.48,2.0,2.0,259.21,14.0,5.0,1,1,5.0,3.4011973816621555,6.71635261345199,0.06040252182347236,0,4.0,0.06612859244625849,-2.647737532659017,True
394,대조,0,12.0,9.0,247.97,83.0,0.0,0.0,0.0,4.0,0,0.0,0.0,0.0,102.38000000000001,5.0,12.0,0,1,12.0,2.302585092994046,5.517332407278467,0.0,0,4.0,0.005155216162239438,-5.262577679718023,False
396,대조,0,10.0,14.0,380.15,157.0,0.0,0.0,0.0,3.0,0,7.59,1.0,1.0,136.44,5.0,10.0,1,1,10.0,2.70805020110221,5.943192998434283,0.0,0,3.0,0.0109644369716885,-4.502073256768545,True
398,대조,0,3.0,22.0,203.6,32491.0,0.0,0.0,0.0,1.0,0,0.0,0.0,0.0,279.24,14.0,3.0,0,1,3.0,3.1354942159291497,5.321056853517526,0.0,0,1.0,0.006172963025192844,-5.081384230817195,False
402,대조,0,4.0,11.0,302.66,117.0,0.0,0.0,0.0,2.0,0,0.0,0.0,0.0,404.95,9.0,4.0,0,1,4.0,2.4849066497880004,5.715908654454042,0.0,0,2.0,0.007772624187863861,-4.849344449832122,False
403,대조,0,17.0,8.0,118.64,36.0,2.0,38.98,0.0,1.0,0,0.0,0.0,0.0,0.0,0.0,17.0,0,0,17.0,2.1972245773362196,4.784487233761747,0.3285569790964261,0,1.0,0.08922450177918849,-2.323140746954714,True
404,대조,0,2.0,26.0,557.09,42973.0,2.0,7.98,0.0,8.0,1,20.17,3.0,3.0,551.23,20.0,2.0,1,1,2.0,3.295836866004329,6.324520239698006,0.014324435908022043,0,6.0,0.05119541469325503,-2.9195528897123277,True
405,대조,0,17.0,10.0,323.52,22078.0,1.0,1.38,0.0,3.0,0,11.190000000000001,11.0,4.0,195.1,6.0,17.0,1,1,17.0,2.3978952727983707,5.782347167526864,0.004265578635014837,0,3.0,0.008703082104710413,-4.735336876046881,False
408,대조,0,19.0,6.0,509.8,150.0,0.0,0.0,0.0,4.0,0,0.0,0.0,0.0,13.02,1.0,19.0,0,1,19.0,1.9459101490553132,6.235978124158384,0.0,0,4.0,0.012150877366689546,-4.398128597771594,True
409,대조,0,9.0,21.0,578.03,74333.0,4.0,32.96,0.0,8.0,1,12.280000000000001,2.0,2.0,733.52,15.0,9.0,1,1,9.0,3.091042453358316,6.361354289702226,0.05702126187222117,0,6.0,0.08168909125574873,-2.419615542840826,True
410,대조,0,3.0,23.0,199.09,102.0,2.0,9.07,0.0,1.0,1,0.0,0.0,0.0,74.18,11.0,3.0,0,1,3.0,3.1780538303479458,5.298767265328402,0.04555728564970617,0,1.0,0.0259329779098766,-3.6259646753083423,True
414,대조,0,10.0,21.0,266.88,5863.0,0.0,0.0,0.0,4.0,0,0.0,0.0,0.0,192.14,13.0,10.0,0,1,10.0,3.091042453358316,5.59053911904185,0.0,0,4.0,0.007395042531674704,-4.899522910012034,False
419,대조,0,18.0,5.0,35.45,10.0,0.0,0.0,0.0,1.0,0,0.0,0.0,0.0,0.0,0.0,18.0,0,0,18.0,1.791759469228055,3.5959414584546674,0.0,0,1.0,0.00043124763140457283,-7.748396741383575,False
420,대조,0,9.0,2.0,12.08,4.0,0.0,0.0,0.0,5.0,0,0.0,0.0,0.0,211.41,8.0,9.0,0,1,9.0,1.0986122886681098,2.5710843460290524,0.0,0,5.0,6.350679205618889e-05,-9.66430018746212,False
426,대조,0,3.0,30.0,1102.67,136245.0,8.0,33.58,5.0,3.0,1,23.72,7.0,6.0,633.96,20.0,3.0,1,1,3.0,3.4339872044851463,7.006396269110154,0.030453354131335753,1,3.0,0.08020874139940092,-2.439514247535635,True
428,대조,0,39.0,7.0,316.04,181.0,0.0,0.0,0.0,5.0,1,0.0,0.0,0.0,23.29,2.0,39.0,0,1,39.0,2.0794415416798357,5.75902794888218,0.0,0,5.0,0.018378143094235858,-3.9780440765416416,True
430,대조,0,3.0,32.0,1185.8,454.0,0.0,0.0,0.0,1.0,0,0.0,0.0,0.0,616.32,15.0,3.0,0,1,3.0,3.4965075614664802,7.0790158884166665,0.0,0,1.0,0.06718261408998208,-2.6307949586772694,True
432,대조,0,1.0,43.0,505.5,37557.0,3.0,8.47,0.0,2.0,1,12.16,4.0,4.0,369.97,33.0,1.0,1,1,1.0,3.784189633918261,6.227524323688738,0.016755687438180022,0,2.0,0.06987446520849869,-2.588619282784266,True
433,대조,0,4.0,11.0,116.9,58.0,0.0,0.0,0.0,2.0,0,0.0,0.0,0.0,95.96000000000001,6.0,4.0,0,1,4.0,2.4849066497880004,4.769836807543325,0.0,0,2.0,0.0022385064812120723,-6.0997053692682375,False
436,대조,0,3.0,4.0,325.26,124.0,4.0,16.84,0.0,1.0,0,0.0,0.0,0.0,78.77,1.0,3.0,0,1,3.0,1.6094379124341003,5.787694609508157,0.051773965443030194,0,1.0,0.0119308892164722,-4.416621875988091,True
437,대조,0,5.0,14.0,627.0,67703.0,8.0,36.13,1.0,8.0,1,21.27,11.0,9.0,211.4,5.0,5.0,1,1,5.0,2.70805020110221,6.4425401664681985,0.05762360446570973,1,6.0,0.03487230960834594,-3.3205673209155524,True
439,대조,0,30.0,5.0,62.85,29.0,0.0,0.0,0.0,1.0,0,0.0,0.0,0.0,21.61,3.0,30.0,0,1,30.0,1.791759469228055,4.156536582478548,0.0,0,1.0,0.000968944509115842,-6.938333799608298,False
441,대조,0,4.0,13.0,318.04,113.0,0.0,0.0,0.0,1.0,1,0.0,0.0,0.0,123.76,6.0,4.0,0,1,4.0,2.6390573296152584,5.765316486773473,0.0,0,1.0,0.023916968403701253,-3.708959474076755,True
442,대조,0,2.0,72.0,658.13,55247.0,0.0,0.0,0.0,2.0,1,0.0,0.0,0.0,769.39,56.0,2.0,0,1,2.0,4.290459441148391,6.490920783636389,0.0,0,2.0,0.09570173351775406,-2.2459228343946602,True
443,대조,0,7.0,17.0,453.97,277.0,0.0,0.0,0.0,4.0,1,0.0,0.0,0.0,300.34,12.0,7.0,0,1,7.0,2.8903717578961645,6.1202314827112705,0.0,0,4.0,0.03445555872767978,-3.3330217892574123,True
445,대조,0,23.0,7.0,55.480000000000004,20.0,3.0,12.27,0.0,6.0,0,0.0,0.0,0.0,0.0,0.0,23.0,0,0,23.0,2.0794415416798357,4.033886593184986,0.22116077865897618,0,6.0,0.007624006526665487,-4.868800038731615,False
447,대조,0,13.0,4.0,107.41,66.0,0.0,0.0,0.0,4.0,0,0.99,1.0,1.0,273.82,13.0,13.0,1,1,13.0,1.6094379124341003,4.685920335673201,0.0,0,4.0,0.0013586806856177927,-6.59988152964573,False
450,대조,0,9.0,9.0,229.69,114.0,0.0,0.0,0.0,1.0,0,0.0,0.0,0.0,113.27,4.0,9.0,0,1,9.0,2.302585092994046,5.441074817902994,0.0,0,1.0,0.005587187466790786,-5.181676400780767,False
451,대조,0,3.0,29.0,388.89,10197.0,0.0,0.0,0.0,3.0,1,0.0,0.0,0.0,249.05,20.0,3.0,0,1,3.0,3.4011973816621555,5.965864648057697,0.0,0,3.0,0.03510191777806306,-3.313766714952722,True
458,대조,0,1.0,13.0,178.15,94.0,0.0,0.0,2.0,5.0,1,0.0,0.0,0.0,172.57,15.0,1.0,0,1,1.0,2.6390573296152584,5.188223443750963,0.0,1,5.0,0.003642945353307823,-5.611313164494591,False
459,대조,0,6.0,5.0,194.62,38.0,0.0,0.0,0.0,2.0,0,0.0,0.0,0.0,129.49,3.0,6.0,0,1,6.0,1.791759469228055,5.276174001862347,0.0,0,2.0,0.0034592763501680806,-5.663230585656042,False
460,대조,0,5.0,13.0,152.3,3862.0,0.0,0.0,1.0,4.0,1,0.0,0.0,0.0,49.04,6.0,5.0,0,1,5.0,2.6390573296152584,5.0323967858777685,0.0,1,4.0,0.0032434148640711796,-5.7278798476873,False
462,대조,0,9.0,9.0,163.66,64.0,0.0,0.0,0.0,1.0,1,0.0,0.0,0.0,73.74,7.0,9.0,0,1,9.0,2.302585092994046,5.10388274187028,0.0,0,1.0,0.009258802204017981,-4.672878658972985,False
463,대조,0,2.0,95.0,857.19,96276.0,0.0,0.0,1.0,4.0,0,0.0,0.0,0.0,376.25,29.0,2.0,0,1,2.0,4.564348191467836,6.754825520194034,0.0,1,4.0,0.023094939395279363,-3.744775953184264,True
467,대조,0,3.0,34.0,705.38,295.0,0.0,0.0,0.0,7.0,0,0.0,0.0,0.0,100.58,7.0,3.0,0,1,3.0,3.5553480614894135,6.5601533363181606,0.0,0,6.0,0.025895866517964907,-3.627434849085571,True
468,대조,0,1.0,55.0,1266.57,489.0,0.0,0.0,0.0,7.0,0,0.0,0.0,0.0,779.08,28.0,1.0,0,1,1.0,4.02535169073515,7.144856960764851,0.0,0,6.0,0.06293902376821645,-2.7005819751407265,True
470,대조,0,2.0,15.0,236.64000000000001,3085.0,11.0,13.780000000000001,0.0,6.0,0,5.640000000000001,6.0,6.0,247.21,15.0,2.0,1,1,2.0,2.772588722239781,5.47075692348754,0.05823191345503719,0,6.0,0.00910340042639752,-4.689962172449666,False
473,대조,0,11.0,10.0,477.1,53605.0,0.0,0.0,3.0,2.0,1,0.0,0.0,0.0,82.31,2.0,11.0,0,1,11.0,2.3978952727983707,6.169819915632058,0.0,1,2.0,0.0156367743819336,-4.142369488383475,True
475,대조,0,18.0,8.0,184.82,40.0,0.0,0.0,0.0,1.0,0,4.69,1.0,1.0,155.78,2.0,18.0,1,1,18.0,2.1972245773362196,5.224778463213166,0.0,0,1.0,0.004266031704169025,-5.452796069955044,False
476,대조,0,14.0,2.0,55.71,33.0,0.0,0.0,0.0,1.0,0,0.0,0.0,0.0,0.0,0.0,14.0,0,0,14.0,1.0986122886681098,4.037950562025936,0.0,0,1.0,0.0005919354906316974,-7.4315207867916975,False
479,대조,0,1.0,12.0,62.45,38.0,0.0,0.0,0.0,2.0,0,16.99,1.0,1.0,50.55,9.0,1.0,1,1,1.0,2.5649493574615367,4.150252194160397,0.0,0,2.0,0.0009991008726126186,-6.907655210520431,False
480,대조,0,6.0,16.0,581.47,57519.0,0.0,0.0,0.0,4.0,0,0.0,0.0,0.0,25.559999999999995,1.0,6.0,0,1,6.0,2.833213344056216,6.367277681967652,0.0,0,4.0,0.018219706179440694,-3.986863784505955,True
481,대조,0,10.0,4.0,160.85,92.0,0.0,0.0,0.0,1.0,0,0.0,0.0,0.0,138.74,2.0,10.0,0,1,10.0,1.6094379124341003,5.086669980372253,0.0,0,1.0,0.0027633313192069937,-5.888551171011539,False
482,대조,0,6.0,2.0,44.81,7.0,0.0,0.0,0.0,1.0,0,0.0,0.0,0.0,484.91,6.0,6.0,0,1,6.0,1.0986122886681098,3.8245024078986507,0.0,0,1.0,0.00042639042148071227,-7.759728667707616,False
483,대조,0,1.0,17.0,427.91,206.0,7.0,42.26,0.0,3.0,1,30.79,7.0,5.0,169.12,7.0,1.0,1,1,1.0,2.8903717578961645,6.061247106709183,0.09875908485429177,0,3.0,0.0943310230237286,-2.261863753943442,True
484,대조,0,4.0,30.0,767.26,322.0,7.0,23.68,2.0,3.0,1,24.66,6.0,5.0,181.14000000000001,5.0,4.0,1,1,4.0,3.4339872044851463,6.644128217522039,0.03086307118838464,1,3.0,0.051764363396731114,-2.907901085991809,True
489,대조,0,2.0,56.0,1031.46,117704.0,0.0,0.0,0.0,6.0,1,0.0,0.0,0.0,779.54,37.0,2.0,0,1,2.0,4.04305126783455,6.939699583164642,0.0,0,6.0,0.11864941733376187,-2.005282411901024,True
490,대조,0,3.0,11.0,728.62,15465.0,0.0,0.0,2.0,5.0,1,0.0,0.0,0.0,218.24,4.0,3.0,0,1,3.0,2.4849066497880004,6.592523850665113,0.0,1,5.0,0.021921265315461028,-3.7981329879474908,True
491,대조,0,4.0,18.0,906.74,56092.0,0.0,0.0,0.0,5.0,1,0.0,0.0,0.0,571.67,15.0,4.0,0,1,4.0,2.9444389791664403,6.810957993984799,0.0,0,5.0,0.07693789171031283,-2.484698026615806,True
493,대조,0,1.0,46.0,774.15,58723.0,1.0,3.99,0.0,5.0,1,8.99,1.0,1.0,580.91,19.0,1.0,1,1,1.0,3.8501476017100584,6.653056559012371,0.005154039914745205,0,5.0,0.08840897397802487,-2.3332179730375,True
502,대조,0,21.0,2.0,24.299999999999997,14.0,0.0,0.0,0.0,1.0,0,0.0,0.0,0.0,206.69,6.0,21.0,0,1,21.0,1.0986122886681098,3.2308043957334744,0.0,0,1.0,0.00021216614195781195,-8.457928713083112,False
507,대조,0,6.0,5.0,36.75,15.0,0.0,0.0,0.0,1.0,0,0.0,0.0,0.0,121.0,3.0,6.0,0,1,6.0,1.791759469228055,3.6309854756950335,0.0,0,1.0,0.00042151119692651243,-7.771242616341739,False
508,대조,0,27.0,6.0,170.65,94.0,0.0,0.0,0.0,1.0,0,0.0,0.0,0.0,111.7,3.0,27.0,0,1,27.0,1.9459101490553132,5.145457519903701,0.0,0,1.0,0.0037051695467567648,-5.594314208983452,False
514,대조,0,1.0,13.0,364.99,8997.0,0.0,0.0,0.0,2.0,0,0.0,0.0,0.0,251.77,8.0,1.0,0,1,1.0,2.6390573296152584,5.902606010623731,0.0,0,2.0,0.010296809613597965,-4.565570989485136,True
515,대조,0,11.0,6.0,232.13,152.0,0.0,0.0,0.0,3.0,0,0.0,0.0,0.0,174.86,5.0,11.0,0,1,11.0,1.9459101490553132,5.451596237889261,0.0,0,3.0,0.004431496390603016,-5.414576621696364,False
518,처치,1,2.0,24.0,1078.92,21191.0,21.0,64.4,2.0,4.0,1,31.5,22.0,14.0,530.85,13.0,2.0,1,1,2.0,3.2188758248682006,6.984642243300572,0.05968931894857821,1,4.0,0.0923414968829203,-2.285374582464671,True
519,대조,0,26.0,3.0,30.48,17.0,0.0,0.0,0.0,1.0,0,0.0,0.0,0.0,12.04,1.0,26.0,0,1,26.0,1.3862943611198906,3.4493524235492026,0.0,0,1.0,0.00032255951393958407,-8.038900287858741,False
520,대조,0,15.0,12.0,221.76,117.0,1.0,1.19,0.0,1.0,0,0.0,0.0,0.0,113.29,9.0,15.0,0,1,15.0,2.5649493574615367,5.406094958721468,0.005366161616161616,0,1.0,0.006431062450988274,-5.0401636901241655,False
523,대조,0,3.0,84.0,2167.55,159896.0,11.0,9.09,1.0,2.0,1,2.0,6.0,6.0,445.81,22.0,3.0,1,1,3.0,4.442651256490317,7.681814020422562,0.00419367488639247,1,2.0,0.1943146605347308,-1.422214461972266,True
524,대조,0,1.0,4.0,29.93,16.0,0.0,0.0,0.0,5.0,0,0.0,0.0,0.0,38.28,4.0,1.0,0,1,1.0,1.6094379124341003,3.4317265866969784,0.0,0,5.0,0.00022640616421138338,-8.392953553125858,False
526,처치,1,2.0,32.0,868.35,79795.0,22.0,114.33,0.0,7.0,1,28.82,6.0,6.0,995.27,22.0,2.0,1,1,2.0,3.4965075614664802,6.7677458059737985,0.1316634997408879,0,6.0,0.28181510853788155,-0.9354758324713945,True
527,대조,0,2.0,20.0,547.92,217.0,0.0,0.0,0.0,3.0,1,0.0,0.0,0.0,285.54,10.0,2.0,0,1,2.0,3.044522437723423,6.307952711401432,0.0,0,3.0,0.0477387215319222,-2.9930966085654287,True
529,대조,0,,0.0,0.0,0.0,0.0,0.0,0.0,2.0,0,0.0,0.0,0.0,50.120000000000005,1.0,90.0,0,1,90.0,0.0,0.0,0.0,0,2.0,2.8063103242071947e-06,-12.7836371829959,False
530,대조,0,4.0,7.0,235.64000000000001,88.0,0.0,0.0,0.0,1.0,0,0.0,0.0,0.0,2.98,1.0,4.0,0,1,4.0,2.0794415416798357,5.46653999896249,0.0,0,1.0,0.005191812135571497,-5.255467147253651,False
533,대조,0,35.0,9.0,361.85,166.0,1.0,2.5,0.0,2.0,0,0.0,0.0,0.0,246.6,4.0,35.0,0,1,35.0,2.302585092994046,5.893989525724146,0.00690894016857814,0,2.0,0.011874734212697009,-4.421396509363609,True
534,대조,0,1.0,77.0,229.44,169.0,0.0,0.0,0.0,3.0,1,0.0,0.0,0.0,127.78,43.0,1.0,0,1,1.0,4.356708826689592,5.439990524864182,0.0,0,3.0,0.024515881837635013,-3.683612733409652,True
536,대조,0,12.0,10.0,81.26,42.0,0.0,0.0,0.0,4.0,0,0.0,0.0,0.0,86.89,4.0,12.0,0,1,12.0,2.3978952727983707,4.409884962802278,0.0,0,4.0,0.0012384770317535065,-6.6926336098417565,False
537,대조,0,8.0,6.0,166.3,47.0,0.0,0.0,0.0,1.0,0,0.0,0.0,0.0,45.09,2.0,8.0,0,1,8.0,1.9459101490553132,5.119788607992779,0.0,0,1.0,0.003211679477466367,-5.737744428970215,False
541,대조,0,30.0,8.0,287.89,5018.0,0.0,0.0,0.0,1.0,0,0.0,0.0,0.0,33.37,2.0,30.0,0,1,30.0,2.1972245773362196,5.666045992819804,0.0,0,1.0,0.008159005182339349,-4.800440559340357,False
542,대조,0,1.0,21.0,444.41,18513.0,2.0,23.98,0.0,2.0,1,0.0,0.0,0.0,45.019999999999996,5.0,1.0,0,1,1.0,3.091042453358316,6.098995206300014,0.05395918183659233,0,2.0,0.07031839189908053,-2.5818087858629806,True
544,대조,0,31.0,4.0,14.73,16.0,0.0,0.0,0.0,3.0,0,0.0,0.0,0.0,55.71,8.0,31.0,0,1,31.0,1.6094379124341003,2.7555697170701863,0.0,0,3.0,0.00012575720780961657,-8.981031666945622,False
545,대조,0,3.0,11.0,346.72,182.0,25.0,19.67,3.0,3.0,0,29.09,30.0,26.0,224.28,4.0,3.0,1,1,3.0,2.4849066497880004,5.851397558210864,0.05673165666820489,1,3.0,0.006981015582692263,-4.957555376964063,False
546,대조,0,26.0,7.0,269.31,15621.0,14.0,42.47,2.0,3.0,1,0.0,0.0,0.0,0.0,0.0,26.0,0,0,26.0,2.0794415416798357,5.599569448528517,0.15769930563291373,1,3.0,0.039019383878411286,-3.2038956930595908,True
548,대조,0,7.0,16.0,476.82,20516.0,0.0,0.0,0.0,5.0,1,0.0,0.0,0.0,130.28,2.0,7.0,0,1,7.0,2.833213344056216,6.169234092533874,0.0,0,5.0,0.03374079082766925,-3.3547246149754018,True
549,대조,0,26.0,3.0,59.19,24.0,0.0,0.0,0.0,1.0,0,8.88,2.0,2.0,200.24,9.0,26.0,1,1,26.0,1.3862943611198906,4.0975062255596795,0.0,0,1.0,0.0007593576382632227,-7.182278048792879,False
558,대조,0,1.0,15.0,299.09000000000003,125.0,0.0,0.0,0.0,4.0,0,0.0,0.0,0.0,95.01,9.0,1.0,0,1,1.0,2.772588722239781,5.704082429665199,0.0,0,4.0,0.007292824327340339,-4.913544836143679,False
562,대조,0,2.0,16.0,693.46,229.0,2.0,7.29,0.0,2.0,0,0.0,0.0,0.0,177.21,4.0,2.0,0,1,2.0,2.833213344056216,6.543134565143352,0.010512502523577423,0,2.0,0.028583967307236623,-3.525908857526443,True
563,대조,0,37.0,9.0,284.82,32636.0,0.0,0.0,0.0,1.0,0,0.0,0.0,0.0,170.47,5.0,37.0,0,1,37.0,2.302585092994046,5.6553622420536485,0.0,0,1.0,0.008687965449124205,-4.737090566802191,False
566,대조,0,,0.0,0.0,0.0,0.0,0.0,0.0,1.0,0,0.0,0.0,0.0,48.97,4.0,90.0,0,1,90.0,0.0,0.0,0.0,0,1.0,2.998750752517713e-06,-12.717311773093492,False
568,대조,0,2.0,42.0,1855.1200000000001,801.0,0.0,0.0,0.0,7.0,0,0.0,0.0,0.0,899.83,13.0,2.0,0,1,2.0,3.7612001156935624,7.526243566428504,0.0,0,6.0,0.09246984638462258,-2.283844186368778,True
569,대조,0,3.0,7.0,496.39,132.0,0.0,0.0,0.0,7.0,1,0.0,0.0,0.0,610.67,8.0,3.0,0,1,3.0,2.0794415416798357,6.209374426623579,0.0,0,6.0,0.02516878233504218,-3.6566599155787807,True
570,대조,0,22.0,5.0,157.69,64.0,0.0,0.0,0.0,1.0,0,0.0,0.0,0.0,295.05,5.0,22.0,0,1,22.0,1.791759469228055,5.066952613574751,0.0,0,1.0,0.003075509891124327,-5.7812043242272395,False
572,대조,0,,0.0,0.0,0.0,0.0,0.0,0.0,2.0,0,0.0,0.0,0.0,0.0,0.0,90.0,0,0,90.0,0.0,0.0,0.0,0,2.0,2.8063103242071947e-06,-12.7836371829959,False
573,대조,0,34.0,8.0,182.98,76.0,0.0,0.0,0.0,3.0,0,0.0,0.0,0.0,19.87,2.0,34.0,0,1,34.0,2.1972245773362196,5.214827056049011,0.0,0,3.0,0.00404434141733881,-5.506384013851151,False
576,대조,0,31.0,7.0,246.52,108.0,2.0,12.48,0.0,9.0,1,0.0,0.0,0.0,43.29,1.0,31.0,0,1,31.0,2.0794415416798357,5.511491386824756,0.050624695765049486,0,6.0,0.020941521939185522,-3.844857489433021,True
577,대조,0,13.0,6.0,940.39,315.0,0.0,0.0,0.0,1.0,0,0.0,0.0,0.0,328.24,3.0,13.0,0,1,13.0,1.9459101490553132,6.847357506433461,0.0,0,1.0,0.0315014599280114,-3.4257130837558427,True
580,대조,0,1.0,18.0,200.1,64.0,0.0,0.0,0.0,2.0,0,0.0,0.0,0.0,149.34,11.0,1.0,0,1,1.0,2.9444389791664403,5.303802296778606,0.0,0,2.0,0.005223434777396865,-5.249362965538539,False
581,대조,0,2.0,24.0,589.88,325.0,0.0,0.0,0.0,3.0,0,0.0,0.0,0.0,74.92999999999999,5.0,2.0,0,1,2.0,3.2188758248682006,6.381612951104253,0.0,0,3.0,0.022123347455338106,-3.7887500431179717,True
582,대조,0,2.0,19.0,778.64,19792.0,4.0,1.56,0.0,3.0,1,10.88,12.0,7.0,433.89,13.0,2.0,1,1,2.0,2.995732273553991,6.65883227468044,0.0020034932703174766,0,3.0,0.07420050752250704,-2.523886690322244,True
583,대조,0,1.0,27.0,447.19,208.0,0.0,0.0,0.0,6.0,1,0.0,0.0,0.0,95.42,9.0,1.0,0,1,1.0,3.332204510175204,6.105217249649828,0.0,0,6.0,0.03342652053714873,-3.3644077091364575,True
584,대조,0,,0.0,0.0,0.0,0.0,0.0,0.0,1.0,0,0.0,0.0,0.0,0.0,0.0,90.0,0,0,90.0,0.0,0.0,0.0,0,1.0,2.998750752517713e-06,-12.717311773093492,False
586,대조,0,3.0,30.0,1177.49,39452.0,3.0,8.27,0.0,8.0,1,0.0,0.0,0.0,699.8,22.0,3.0,0,1,3.0,3.4339872044851463,7.071989236977435,0.007023414211585661,0,6.0,0.12348510584584378,-1.9598331486202298,True
588,대조,0,1.0,36.0,1505.99,91715.0,2.0,7.98,9.0,10.0,1,4.69,1.0,1.0,745.51,22.0,1.0,1,1,1.0,3.6109179126442243,7.317869562904413,0.005298839965736824,1,6.0,0.07866547525943685,-2.4606188181167115,True
594,대조,0,2.0,7.0,181.09,78.0,0.0,0.0,0.0,3.0,0,0.0,0.0,0.0,233.36,8.0,2.0,0,1,2.0,2.0794415416798357,5.204501070343752,0.0,0,3.0,0.0031854713505775093,-5.745964454380578,False
595,대조,0,3.0,23.0,316.12,138.0,2.0,15.98,0.0,5.0,1,0.0,0.0,0.0,58.49,3.0,3.0,0,1,3.0,3.1780538303479458,5.7592802511416235,0.050550423889662154,0,5.0,0.03819365253895644,-3.226143790482074,True
596,대조,0,9.0,12.0,543.3100000000001,168.0,0.0,0.0,0.0,4.0,1,0.0,0.0,0.0,149.64,7.0,9.0,0,1,9.0,2.5649493574615367,6.299518937492588,0.0,0,4.0,0.03919539684389582,-3.1992117492664676,True
597,대조,0,31.0,16.0,749.1,276.0,0.0,0.0,0.0,3.0,1,0.0,0.0,0.0,327.23,5.0,31.0,0,1,31.0,2.833213344056216,6.620206530975591,0.0,0,3.0,0.07672279222317738,-2.4877306979675025,True
603,대조,0,12.0,6.0,13.15,20.0,0.0,0.0,0.0,5.0,0,0.0,0.0,0.0,48.83,11.0,12.0,0,1,12.0,1.9459101490553132,2.649714624089247,0.0,0,5.0,9.662981348378778e-05,-9.244526601682681,False
604,대조,0,4.0,9.0,320.43,130.0,0.0,0.0,0.0,1.0,0,0.0,0.0,0.0,408.24,6.0,4.0,0,1,4.0,2.302585092994046,5.7727797905777205,0.0,0,1.0,0.008391567703344035,-4.772100947033256,False
605,대조,0,3.0,25.0,1121.2,145912.0,0.0,0.0,2.0,6.0,1,0.0,0.0,0.0,483.16,11.0,3.0,0,1,3.0,3.258096538021482,7.023046323316872,0.0,1,6.0,0.046396858998526795,-3.023015827197498,True
606,대조,0,2.0,13.0,373.26,167.0,0.0,0.0,0.0,3.0,1,0.0,0.0,0.0,228.55,6.0,2.0,0,1,2.0,2.6390573296152584,5.924950743049642,0.0,0,3.0,0.02552702543626092,-3.642159073964637,True
607,대조,0,61.0,3.0,21.439999999999998,11.0,0.0,0.0,0.0,3.0,1,0.0,0.0,0.0,21.57,1.0,61.0,0,1,61.0,1.3862943611198906,3.1108450806544954,0.0,0,3.0,0.0005737336682307949,-7.462771363635503,False
608,대조,0,3.0,24.0,701.3,252.0,0.0,0.0,0.0,7.0,1,0.0,0.0,0.0,513.33,14.0,3.0,0,1,3.0,3.2188758248682006,6.5543606631649745,0.0,0,6.0,0.05736681475285699,-2.799211224001903,True
609,대조,0,20.0,17.0,147.61,9686.0,0.0,0.0,0.0,4.0,1,0.0,0.0,0.0,39.56,6.0,20.0,0,1,20.0,2.8903717578961645,5.001325424770478,0.0,0,4.0,0.008689765093651321,-4.7368816306058985,False
612,대조,0,1.0,35.0,898.88,74818.0,2.0,8.280000000000001,0.0,3.0,0,0.0,0.0,0.0,615.64,19.0,1.0,0,1,1.0,3.58351893845611,6.802261421101298,0.009211463154147385,0,3.0,0.04716178186393894,-3.005861270300657,True
621,대조,0,4.0,33.0,634.25,268.0,0.0,0.0,0.0,2.0,1,0.0,0.0,0.0,397.93,16.0,4.0,0,1,4.0,3.5263605246161616,6.454018622200273,0.0,0,2.0,0.07226454032420943,-2.5524130702364003,True
622,대조,0,5.0,25.0,347.37,131.0,3.0,10.98,0.0,5.0,1,0.0,0.0,0.0,187.02,13.0,5.0,0,1,5.0,3.258096538021482,5.853265133348919,0.03160894723205804,0,5.0,0.03638609062612148,-3.276504129479078,True
623,대조,0,21.0,10.0,138.03,58.0,1.0,1.49,0.0,5.0,1,1.99,1.0,1.0,24.1,6.0,21.0,1,1,21.0,2.3978952727983707,4.9346897371814515,0.01079475476345722,0,5.0,0.007125580420078149,-4.936913005063941,False
624,대조,0,2.0,25.0,1369.49,33874.0,0.0,0.0,0.0,5.0,1,6.19,1.0,1.0,490.49,13.0,2.0,1,1,2.0,3.258096538021482,7.222923619109142,0.0,0,5.0,0.13690549147573838,-1.8412333521690627,True
630,대조,0,6.0,22.0,1082.69,80387.0,0.0,0.0,2.0,6.0,1,0.0,0.0,0.0,525.51,14.0,6.0,0,1,6.0,3.1354942159291497,6.988127163240347,0.0,1,6.0,0.043310768022368294,-3.095077319029408,True
631,대조,0,2.0,70.0,1544.4,116184.0,0.0,0.0,1.0,5.0,1,0.0,0.0,0.0,601.2,32.0,2.0,0,1,2.0,4.2626798770413155,7.343038055499483,0.0,1,5.0,0.10105506129779851,-2.1855562556644985,True
632,대조,0,5.0,6.0,353.08,9116.0,0.0,0.0,0.0,2.0,0,0.0,0.0,0.0,608.75,15.0,5.0,0,1,5.0,1.9459101490553132,5.86952287630274,0.0,0,2.0,0.007919425271198665,-4.830485692085947,False
633,대조,0,1.0,26.0,1019.5,35184.0,0.0,0.0,0.0,2.0,0,0.0,0.0,0.0,349.01,12.0,1.0,0,1,1.0,3.295836866004329,6.9280479822498995,0.0,0,2.0,0.04838908232001348,-2.978882034957941,True
634,대조,0,,0.0,0.0,0.0,0.0,0.0,0.0,3.0,0,0.0,0.0,0.0,0.0,0.0,90.0,0,0,90.0,0.0,0.0,0.0,0,3.0,2.626219445508066e-06,-12.84996259289831,False
635,대조,0,4.0,3.0,51.02,13.0,0.0,0.0,0.0,1.0,0,0.0,0.0,0.0,0.0,0.0,4.0,0,0,4.0,1.3862943611198906,3.9516282600205055,0.0,0,1.0,0.0005517459370768911,-7.501870978352624,False
636,처치,1,5.0,30.0,1056.8700000000001,15335.0,14.0,62.480000000000004,1.0,9.0,0,55.84,10.0,10.0,1059.33,20.0,5.0,1,1,5.0,3.4339872044851463,6.964012731522761,0.059117961527907874,1,6.0,0.03512425009063411,-3.3131075587853775,True
637,대조,0,2.0,29.0,481.69,259.0,1.0,0.69,0.0,7.0,0,0.0,0.0,0.0,56.62,5.0,2.0,0,1,2.0,3.4011973816621555,6.179374625650525,0.0014324565591978243,0,6.0,0.015148942728767843,-4.174559676206269,True
638,대조,0,1.0,28.0,1339.71,95980.0,5.0,36.25,0.0,4.0,0,0.0,0.0,0.0,634.82,12.0,1.0,0,1,1.0,3.367295829986474,7.200954603369883,0.027058094662277658,0,4.0,0.08169532714685507,-2.419532418232248,True
639,대조,0,39.0,18.0,62.79,39.0,0.0,0.0,0.0,1.0,0,0.0,0.0,0.0,0.0,0.0,39.0,0,0,39.0,2.9444389791664403,4.1555964382538635,0.0,0,1.0,0.0015291161795095434,-6.481535084468337,False
640,대조,0,,0.0,0.0,0.0,0.0,0.0,0.0,3.0,0,0.0,0.0,0.0,111.49,4.0,90.0,0,1,90.0,0.0,0.0,0.0,0,3.0,2.626219445508066e-06,-12.84996259289831,False
642,대조,0,72.0,2.0,93.28999999999999,37.0,0.0,0.0,0.0,7.0,0,0.0,0.0,0.0,0.0,0.0,72.0,0,0,72.0,1.0986122886681098,4.546375139477586,0.0,0,6.0,0.0011614578532675222,-6.756917160011932,False
644,처치,1,4.0,22.0,356.92,209.0,42.0,38.04,0.0,6.0,1,17.41,28.0,28.0,138.52,9.0,4.0,1,1,4.0,3.1354942159291497,5.88030949774182,0.10657850498711195,0,6.0,0.07531042875306933,-2.5078394612617765,True
646,대조,0,39.0,1.0,68.73,34.0,0.0,0.0,0.0,1.0,0,0.0,0.0,0.0,81.06,1.0,39.0,0,1,39.0,0.6931471805599453,4.244630641232919,0.0,0,1.0,0.0007786629163018038,-7.157153352857362,False
650,대조,0,3.0,3.0,13.030000000000001,6.0,0.0,0.0,0.0,4.0,0,0.0,0.0,0.0,56.69,4.0,3.0,0,1,3.0,1.3862943611198906,2.6411978941143697,0.0,0,4.0,7.959177149357016e-05,-9.438520248714582,False
653,대조,0,1.0,25.0,1611.18,87387.0,17.0,127.8,0.0,8.0,0,29.96,14.0,8.0,570.35,7.0,1.0,1,1,1.0,3.258096538021482,7.385342579363795,0.07932074628533124,0,6.0,0.14733420854612347,-1.7556641332780067,True
654,대조,0,3.0,33.0,447.14,195.0,0.0,0.0,0.0,2.0,0,0.0,0.0,0.0,223.17000000000002,12.0,3.0,0,1,3.0,3.5263605246161616,6.1051056835970305,0.0,0,2.0,0.018455695878700683,-3.973754109339021,True
656,대조,0,5.0,16.0,732.4,32083.0,0.0,0.0,0.0,5.0,0,0.0,0.0,0.0,20.0,2.0,5.0,0,1,5.0,2.833213344056216,6.597691255637225,0.0,0,5.0,0.022878125103344853,-3.7544301699016938,True
661,처치,1,1.0,63.0,1071.91,284.0,12.0,52.18,0.0,5.0,1,29.45,5.0,5.0,410.51,43.0,1.0,1,1,1.0,4.1588830833596715,6.978129862132399,0.0486794600292935,0,5.0,0.21376974232081677,-1.3023502329427623,True
662,대조,0,22.0,3.0,24.8,8.0,1.0,3.99,0.0,1.0,0,15.58,2.0,2.0,113.35,3.0,22.0,1,1,22.0,1.3862943611198906,3.250374491927572,0.16088709677419355,0,1.0,0.0014942444235466403,-6.50463924028813,False
663,대조,0,10.0,17.0,483.12,12538.0,1.0,3.69,0.0,5.0,0,0.0,0.0,0.0,359.7,11.0,10.0,0,1,10.0,2.8903717578961645,6.182332809870403,0.007637853949329359,0,5.0,0.015246991991834423,-4.168008619276327,True
665,대조,0,19.0,2.0,39.66,12.0,0.0,0.0,0.0,1.0,0,0.0,0.0,0.0,92.81,6.0,19.0,0,1,19.0,1.0986122886681098,3.7052448082002005,0.0,0,1.0,0.00039256377573362053,-7.842418907146628,False
670,처치,1,12.0,22.0,704.53,39639.0,1.0,0.49,0.0,4.0,1,30.29,5.0,4.0,830.52,15.0,12.0,1,1,12.0,3.1354942159291497,6.5589492934221,0.0006954991270776262,0,4.0,0.06722384305887515,-2.630137262505328,True
671,대조,0,5.0,19.0,678.65,54843.0,0.0,0.0,0.0,3.0,1,5.0,2.0,2.0,46.63,5.0,5.0,1,1,5.0,2.995732273553991,6.521577959781257,0.0,0,3.0,0.06234701825242476,-2.710664076816086,True
672,대조,0,1.0,17.0,414.9,261.0,0.0,0.0,0.0,1.0,1,22.47,5.0,5.0,576.04,18.0,1.0,1,1,1.0,2.8903717578961645,6.030444846748866,0.0,0,1.0,0.03600975598553662,-3.287291272901797,True
680,대조,0,4.0,15.0,610.92,368.0,0.0,0.0,0.0,3.0,1,0.0,0.0,0.0,216.29,6.0,4.0,0,1,4.0,2.772588722239781,6.41660155501361,0.0,0,3.0,0.050507915041816245,-2.9337971367060436,True
681,대조,0,9.0,9.0,376.41,12308.0,4.0,33.96,0.0,5.0,0,9.99,1.0,1.0,281.95,6.0,9.0,1,1,9.0,2.302585092994046,5.933332129668729,0.09022076990515661,0,5.0,0.022409012046814232,-3.7756281683636006,True
682,대조,0,90.0,3.0,50.910000000000004,13350.0,0.0,0.0,0.0,3.0,1,0.0,0.0,0.0,0.0,0.0,90.0,0,0,90.0,1.3862943611198906,3.9495114498391377,0.0,0,3.0,0.0020513135435814706,-6.187221517690909,False
684,대조,0,20.0,9.0,137.76,62.0,1.0,6.99,0.0,6.0,0,3.49,1.0,1.0,110.67,5.0,20.0,1,1,20.0,2.302585092994046,4.932745822101549,0.050740418118466905,0,6.0,0.0038814825797998287,-5.547649055052952,False
685,대조,0,3.0,27.0,824.61,358.0,6.0,10.88,0.0,2.0,1,14.22,18.0,11.0,654.47,14.0,3.0,1,1,3.0,3.332204510175204,6.716122507057045,0.01319411600635452,0,2.0,0.10612896417991105,-2.130906511724745,True
687,대조,0,1.0,14.0,706.1,319.0,0.0,0.0,5.0,3.0,0,0.0,0.0,0.0,141.72,4.0,1.0,0,1,1.0,2.70805020110221,6.561172098610196,0.0,1,3.0,0.010008538879083772,-4.594257701413511,True
688,대조,0,32.0,1.0,219.9,82.0,0.0,0.0,0.0,3.0,1,0.0,0.0,0.0,117.08,1.0,32.0,0,1,32.0,0.6931471805599453,5.397710110426072,0.0,0,3.0,0.007754042994720254,-4.851756633004866,False
690,처치,1,2.0,31.0,485.86,11569.0,0.0,0.0,0.0,4.0,1,0.0,0.0,0.0,297.27,17.0,2.0,0,1,2.0,3.4657359027997265,6.187976607421274,0.0,0,4.0,0.044380343652849416,-3.069563323987696,True
691,대조,0,26.0,6.0,256.47,100.0,0.0,0.0,0.0,3.0,0,0.0,0.0,0.0,244.49,7.0,26.0,0,1,26.0,1.9459101490553132,5.550903208462204,0.0,0,3.0,0.0055033618158380855,-5.196877573129136,False
692,대조,0,2.0,19.0,633.09,34894.0,1.0,2.5,2.0,4.0,1,0.0,0.0,0.0,355.39,10.0,2.0,0,1,2.0,2.995732273553991,6.452190900198412,0.0039488856244767724,1,4.0,0.024165620428583043,-3.6983618993065126,True
694,대조,0,3.0,13.0,179.1,76.0,0.0,0.0,0.0,2.0,0,0.0,0.0,0.0,65.4,8.0,3.0,0,1,3.0,2.6390573296152584,5.19351225218191,0.0,0,2.0,0.004105937936759272,-5.4912066853106865,False
696,대조,0,1.0,51.0,2096.72,114651.0,6.0,37.46,0.0,2.0,1,46.16,4.0,4.0,1378.02,28.0,1.0,1,1,1.0,3.9512437185814275,7.648606319611093,0.017866000228928997,0,2.0,0.34546322282432856,-0.6390415837225348,True
697,대조,0,41.0,6.0,93.33,36798.0,0.0,0.0,0.0,4.0,0,13.98,2.0,2.0,309.09,6.0,41.0,1,1,41.0,1.9459101490553132,4.546799272661762,0.0,0,4.0,0.0014954828616485123,-6.503809537695176,False
698,대조,0,17.0,8.0,116.66,64.0,0.0,0.0,0.0,3.0,0,0.0,0.0,0.0,151.19,7.0,17.0,0,1,17.0,2.1972245773362196,4.76779910943631,0.0,0,3.0,0.0020351066467089213,-6.195169874925459,False
700,대조,0,3.0,5.0,663.63,146.0,2.0,7.28,0.0,2.0,0,1.79,1.0,1.0,448.61,6.0,3.0,1,1,3.0,1.791759469228055,6.499230494835513,0.01096996820517457,0,2.0,0.019077713743379077,-3.9399724034547625,True
705,대조,0,8.0,17.0,161.91,59.0,0.0,0.0,0.0,3.0,0,0.0,0.0,0.0,64.47,6.0,8.0,0,1,8.0,2.8903717578961645,5.093197901078078,0.0,0,3.0,0.003785675861135583,-5.572737985317392,False
706,처치,1,3.0,22.0,665.88,69357.0,0.0,0.0,0.0,6.0,1,0.0,0.0,0.0,504.2,16.0,3.0,0,1,3.0,3.1354942159291497,6.502610119684893,0.0,0,6.0,0.05230267109312944,-2.8969877356783647,True
708,대조,0,21.0,7.0,311.95,134.0,0.0,0.0,0.0,4.0,1,0.0,0.0,0.0,421.16,7.0,21.0,0,1,21.0,2.0794415416798357,5.74604343337071,0.0,0,4.0,0.017418998313437174,-4.032621317137605,True
714,대조,0,1.0,38.0,782.98,414.0,1.0,3.99,0.0,5.0,1,0.0,0.0,0.0,359.39,29.0,1.0,0,1,1.0,3.6635616461296463,6.664383509820936,0.005095915604485427,0,5.0,0.08435050055395779,-2.3846529056976262,True
715,대조,0,5.0,30.0,567.95,433.0,0.0,0.0,1.0,3.0,1,5.9399999999999995,2.0,2.0,529.66,19.0,5.0,1,1,5.0,3.4339872044851463,6.343792556803018,0.0,1,3.0,0.02537572450991749,-3.648259049187158,True
716,대조,0,7.0,5.0,82.69,40.0,0.0,0.0,0.0,1.0,1,1.0,2.0,1.0,105.41,7.0,7.0,1,1,7.0,1.791759469228055,4.427119496044782,0.0,0,1.0,0.0031448512031957195,-5.758838895488536,False
720,대조,0,9.0,8.0,196.15,40.0,0.0,0.0,0.0,2.0,0,0.0,0.0,0.0,120.55,5.0,9.0,0,1,9.0,2.1972245773362196,5.283964860323636,0.0,0,2.0,0.004099551810012907,-5.49276964786864,False
727,대조,0,1.0,20.0,573.8100000000001,268.0,0.0,0.0,0.0,3.0,0,0.0,0.0,0.0,245.67,9.0,1.0,0,1,1.0,3.044522437723423,6.35403955140914,0.0,0,3.0,0.01998878935840977,-3.892392426711739,True
729,대조,0,3.0,5.0,181.31,32.0,0.0,0.0,0.0,1.0,0,0.0,0.0,0.0,29.6,4.0,3.0,0,1,3.0,1.791759469228055,5.205708534815374,0.0,0,1.0,0.00331054946798331,-5.707325059496932,False
730,대조,0,3.0,19.0,157.63,66.0,0.0,0.0,0.0,1.0,0,0.0,0.0,0.0,97.81,7.0,3.0,0,1,3.0,2.995732273553991,5.066574446420364,0.0,0,1.0,0.004206265771646697,-5.466964878011281,False
731,대조,0,6.0,15.0,313.44,10373.0,0.0,0.0,0.0,4.0,1,0.0,0.0,0.0,157.73,9.0,6.0,0,1,6.0,2.772588722239781,5.750793278925555,0.0,0,4.0,0.02046121544727313,-3.8685506680929844,True
732,대조,0,5.0,18.0,786.47,50648.0,0.0,0.0,0.0,8.0,1,0.0,0.0,0.0,258.97,5.0,5.0,0,1,5.0,2.9444389791664403,6.668825274736051,0.0,0,6.0,0.06104779686013196,-2.7331074635998243,True
733,대조,0,6.0,11.0,437.93,312.0,48.0,73.62,0.0,2.0,1,37.33,63.0,34.0,426.21,8.0,6.0,1,1,6.0,2.4849066497880004,6.08433994705818,0.16810905852533511,0,2.0,0.1832557792277605,-1.494443096907594,True
734,대조,0,1.0,12.0,229.75,8605.0,0.0,0.0,0.0,1.0,0,0.0,0.0,0.0,61.08,3.0,1.0,0,1,1.0,2.5649493574615367,5.441334873382962,0.0,0,1.0,0.005852650716403076,-5.1349907618524835,False
737,대조,0,8.0,11.0,423.18,12191.0,0.0,0.0,0.0,1.0,0,0.0,0.0,0.0,0.0,0.0,8.0,0,0,8.0,2.4849066497880004,6.0501578934472,0.0,0,1.0,0.01314852370682406,-4.318210061483356,True
738,대조,0,46.0,6.0,188.22,112.0,0.0,0.0,0.0,5.0,0,0.0,0.0,0.0,43.82,3.0,46.0,0,1,46.0,1.9459101490553132,5.242910359276298,0.0,0,5.0,0.0036068268526083386,-5.621313534235476,False
740,대조,0,4.0,16.0,1175.68,561.0,0.0,0.0,2.0,6.0,1,0.0,0.0,0.0,749.7,14.0,4.0,0,1,4.0,2.833213344056216,7.070452192639792,0.0,1,6.0,0.04292959562898403,-3.104315493651553,True
741,대조,0,10.0,14.0,434.68,23682.0,0.0,0.0,0.0,2.0,1,0.0,0.0,0.0,513.79,9.0,10.0,0,1,10.0,2.70805020110221,6.076908028925449,0.0,0,2.0,0.03541429408093578,-3.304583162627008,True
743,대조,0,3.0,13.0,172.22,99.0,0.0,0.0,0.0,2.0,0,0.0,0.0,0.0,266.28000000000003,6.0,3.0,0,1,3.0,2.6390573296152584,5.1545624629028985,0.0,0,2.0,0.0039007266850063795,-5.542684059353447,False
747,대조,0,8.0,18.0,150.7,82.0,0.0,0.0,0.0,3.0,0,0.0,0.0,0.0,39.769999999999996,6.0,8.0,0,1,8.0,2.9444389791664403,5.021904886354487,0.0,0,3.0,0.0035124964459154833,-5.6479095764167795,False
748,대조,0,57.0,4.0,56.849999999999994,29.0,0.0,0.0,0.0,3.0,1,0.0,0.0,0.0,462.5,10.0,57.0,0,1,57.0,1.6094379124341003,4.0578534536396855,0.0,0,3.0,0.002117081986713936,-6.155597233624814,False
749,대조,0,,0.0,0.0,0.0,0.0,0.0,0.0,3.0,0,0.0,0.0,0.0,47.19,4.0,90.0,0,1,90.0,0.0,0.0,0.0,0,3.0,2.626219445508066e-06,-12.84996259289831,False
752,대조,0,6.0,3.0,205.45000000000002,76.0,0.0,0.0,0.0,3.0,1,0.0,0.0,0.0,216.79,4.0,6.0,0,1,6.0,1.3862943611198906,5.330058252332099,0.0,0,3.0,0.007792485803433835,-4.846772362272972,False
754,대조,0,7.0,6.0,251.72,114.0,0.0,0.0,0.0,4.0,0,0.0,0.0,0.0,75.05,3.0,7.0,0,1,7.0,1.9459101490553132,5.53228215649383,0.0,0,4.0,0.004508291622881923,-5.397318510200213,False
757,대조,0,4.0,4.0,213.3,60.0,1.0,19.99,0.0,1.0,0,0.0,0.0,0.0,118.46000000000001,1.0,4.0,0,1,4.0,1.6094379124341003,5.367376902479531,0.0937177684013127,0,1.0,0.011076307500171492,-4.491808804758394,True
759,대조,0,5.0,8.0,279.39,75.0,0.0,0.0,0.0,1.0,0,0.0,0.0,0.0,199.14000000000001,4.0,5.0,0,1,5.0,2.1972245773362196,5.636181491186394,0.0,0,1.0,0.006800087824323801,-4.9839964377679955,False
760,대조,0,,0.0,0.0,0.0,0.0,0.0,0.0,3.0,0,0.0,0.0,0.0,0.0,0.0,90.0,0,0,90.0,0.0,0.0,0.0,0,3.0,2.626219445508066e-06,-12.84996259289831,False
763,대조,0,40.0,6.0,268.43,142.0,0.0,0.0,0.0,2.0,0,0.0,0.0,0.0,0.0,0.0,40.0,0,0,40.0,1.9459101490553132,5.596308616350968,0.0,0,2.0,0.006760636111971837,-4.989854701211825,False
764,대조,0,2.0,29.0,740.44,65532.0,3.0,2.87,0.0,1.0,1,0.0,0.0,0.0,486.24,15.0,2.0,0,1,2.0,3.4011973816621555,6.6085942412440115,0.003876073685916482,0,1.0,0.09165675346213034,-2.2935716728883695,True
766,처치,1,2.0,16.0,1130.92,494.0,14.0,56.660000000000004,0.0,9.0,1,6.68,2.0,2.0,639.14,9.0,2.0,1,1,2.0,2.833213344056216,7.031670584887697,0.050100802886145795,0,6.0,0.14890734622639068,-1.7431967238788753,True
768,대조,0,1.0,71.0,1160.03,76460.0,69.0,68.36,3.0,4.0,1,41.97,63.0,36.0,624.07,31.0,1.0,1,1,1.0,4.276666119016055,7.057062821157332,0.058929510443695425,1,4.0,0.1380850375275526,-1.8312869050301361,True
769,대조,0,14.0,8.0,221.02,95.0,0.0,0.0,0.0,1.0,0,0.0,0.0,0.0,201.01,2.0,14.0,0,1,14.0,2.1972245773362196,5.402767467904501,0.0,0,1.0,0.005269095897296171,-5.240613461097431,False
776,대조,0,14.0,12.0,210.48,116.0,0.0,0.0,0.0,4.0,0,0.0,0.0,0.0,27.92,7.0,14.0,0,1,14.0,2.5649493574615367,5.354130431367249,0.0,0,4.0,0.0046128095415132,-5.3742946812178705,False
778,대조,0,49.0,3.0,66.5,34.0,0.0,0.0,0.0,3.0,0,0.0,0.0,0.0,0.0,0.0,49.0,0,0,49.0,1.3862943611198906,4.212127597878484,0.0,0,3.0,0.0008833703300525282,-7.0308822847193015,False
779,대조,0,6.0,14.0,558.44,171.0,1.0,3.99,0.0,2.0,1,0.0,0.0,0.0,913.35,16.0,6.0,0,1,6.0,2.70805020110221,6.326936283395612,0.007144903660196261,0,2.0,0.051351073649148725,-2.9163529449335193,True
780,대조,0,4.0,1.0,12.47,5.0,0.0,0.0,0.0,2.0,0,0.0,0.0,0.0,32.57,3.0,4.0,0,1,4.0,0.6931471805599453,2.6004649904222727,0.0,0,2.0,6.784719663163472e-05,-9.598184640184751,False
784,대조,0,12.0,18.0,408.99,66953.0,8.0,36.33,0.0,4.0,1,15.170000000000002,3.0,3.0,390.9,15.0,12.0,1,1,12.0,2.9444389791664403,6.016132769157005,0.08882857771583656,0,4.0,0.08183147928710334,-2.4177189455938177,True
785,대조,0,8.0,23.0,349.18,31750.0,2.0,13.98,0.0,1.0,1,0.0,0.0,0.0,11.49,1.0,8.0,0,1,8.0,3.1780538303479458,5.858447307998171,0.040036657311415313,0,1.0,0.05117777607978258,-2.9199160742845596,True
787,대조,0,6.0,31.0,317.22,131.0,0.0,0.0,0.0,3.0,1,0.0,0.0,0.0,172.6,14.0,6.0,0,1,6.0,3.4657359027997265,5.762742967479711,0.0,0,3.0,0.028135411836836006,-3.54218749150517,True
790,대조,0,7.0,17.0,828.61,267.0,16.0,88.34,0.0,2.0,1,24.4,8.0,8.0,245.9,5.0,7.0,1,1,7.0,2.8903717578961645,6.720955710844597,0.10661227839393683,0,2.0,0.2314374101172464,-1.200212533575368,True
793,대조,0,2.0,16.0,363.76,15440.0,0.0,0.0,2.0,1.0,0,0.0,0.0,0.0,37.230000000000004,5.0,2.0,0,1,2.0,2.833213344056216,5.899239603065465,0.0,1,1.0,0.005033606323030673,-5.286572271343432,False
795,대조,0,1.0,6.0,103.64,29.0,0.0,0.0,0.0,1.0,0,0.0,0.0,0.0,87.31,3.0,1.0,0,1,1.0,1.9459101490553132,4.650525887708889,0.0,0,1.0,0.0016616483531141635,-6.398282155070307,False
797,대조,0,13.0,11.0,365.83,106.0,0.0,0.0,0.0,5.0,1,0.0,0.0,0.0,105.93,3.0,13.0,0,1,13.0,2.4849066497880004,5.904898525478385,0.0,0,5.0,0.022048145640628406,-3.792231939725906,True
802,대조,0,5.0,7.0,222.8,77.0,1.0,9.99,0.0,3.0,1,9.99,1.0,1.0,103.61,3.0,5.0,1,1,5.0,2.0794415416798357,5.4107527958778245,0.04483842010771993,0,3.0,0.018086513929538552,-3.994336630958023,True
803,대조,0,8.0,8.0,241.91,107.0,0.0,0.0,0.0,3.0,1,0.0,0.0,0.0,268.14,9.0,8.0,0,1,8.0,2.1972245773362196,5.492691004366133,0.0,0,3.0,0.012938096796234526,-4.3345565568723865,True
804,대조,0,1.0,34.0,300.56,263.0,20.0,12.879999999999999,0.0,6.0,0,1.99,1.0,1.0,201.92,23.0,1.0,1,1,1.0,3.5553480614894135,5.708969001343501,0.0428533404311951,0,6.0,0.013666194977911633,-4.279069578327237,True
805,대조,0,1.0,66.0,1105.8,43496.0,0.0,0.0,4.0,7.0,0,0.0,0.0,0.0,919.86,41.0,1.0,0,1,1.0,4.204692619390966,7.0092282479127705,0.0,1,6.0,0.024754187413364135,-3.6736948915728487,True
808,대조,0,3.0,24.0,280.39,20426.0,4.0,13.06,0.0,2.0,1,2.19,3.0,3.0,130.25,13.0,3.0,1,1,3.0,3.2188758248682006,5.6397416074461475,0.04657798066978138,0,2.0,0.03857863963319299,-3.215714027271319,True
812,대조,0,2.0,6.0,71.1,35.0,0.0,0.0,0.0,3.0,0,0.0,0.0,0.0,103.42,1.0,2.0,0,1,2.0,1.9459101490553132,4.278054044290903,0.0,0,3.0,0.0008953133554913376,-7.017441068711083,False
817,대조,0,6.0,26.0,705.48,353.0,0.0,0.0,0.0,6.0,1,0.0,0.0,0.0,413.43,9.0,6.0,0,1,6.0,3.295836866004329,6.560294893160547,0.0,0,6.0,0.06025861151668062,-2.7469592268824883,True
820,대조,0,1.0,28.0,645.51,218.0,0.0,0.0,0.0,2.0,0,0.0,0.0,0.0,433.09,18.0,1.0,0,1,1.0,3.367295829986474,6.471588665996384,0.0,0,2.0,0.02773389437375909,-3.556974249434872,True
823,대조,0,3.0,16.0,354.87,6644.0,1.0,2.5,0.0,2.0,1,0.0,0.0,0.0,215.28,8.0,3.0,0,1,3.0,2.833213344056216,5.874565495622438,0.007044833319243667,0,2.0,0.029640056668253086,-3.488540365955204,True
830,대조,0,39.0,6.0,106.96,47.0,0.0,0.0,0.0,4.0,0,0.0,0.0,0.0,130.44,18.0,39.0,0,1,39.0,1.9459101490553132,4.681760788149804,0.0,0,4.0,0.001766535925638638,-6.336966656095871,False
831,처치,1,10.0,24.0,1434.81,426.0,13.0,50.730000000000004,0.0,0.0,1,11.18,2.0,2.0,745.11,14.0,10.0,1,1,10.0,3.2188758248682006,7.269484428876452,0.03535659773767956,0,0.0,0.2658551000944369,-1.0157549965751507,True
834,대조,0,65.0,1.0,1.0,1.0,0.0,0.0,0.0,2.0,0,0.0,0.0,0.0,35.65,2.0,65.0,0,1,65.0,0.6931471805599453,0.6931471805599453,0.0,0,2.0,7.753244239027142e-06,-11.767391437430694,False
836,대조,0,9.0,2.0,41.52,17.0,1.0,3.49,0.0,2.0,0,3.87,5.0,2.0,73.26,5.0,9.0,1,1,9.0,1.0986122886681098,3.749974553473747,0.08405587668593449,0,2.0,0.000951758797710516,-6.956246707016682,False
840,처치,1,1.0,47.0,2290.39,24620.0,15.0,138.33,0.0,4.0,1,79.1,10.0,9.0,1195.04,20.0,1.0,1,1,1.0,3.871201010907891,7.7369138993058115,0.060395827784787755,0,4.0,0.4496708833918066,-0.20200054815115112,True
841,대조,0,1.0,33.0,540.69,9514.0,1.0,1.59,0.0,1.0,0,9.99,1.0,1.0,452.53,22.0,1.0,1,1,1.0,3.5263605246161616,6.294693882091021,0.0029406869000721298,0,1.0,0.02570275798105784,-3.6351181331150086,True
844,대조,0,2.0,24.0,723.51,244.0,9.0,107.89999999999999,0.0,4.0,1,50.86,8.0,5.0,473.88,11.0,2.0,1,1,2.0,3.2188758248682006,6.58549556428798,0.14913408245912288,0,4.0,0.28012156340042405,-0.9438586957464569,True
849,대조,0,8.0,7.0,807.44,324.0,0.0,0.0,0.0,6.0,0,0.0,0.0,0.0,319.68,4.0,8.0,0,1,8.0,2.0794415416798357,6.695106464760569,0.0,0,6.0,0.01907111691678431,-3.9403249754194283,True
850,대조,0,21.0,11.0,248.97,108.0,0.0,0.0,0.0,3.0,0,0.0,0.0,0.0,123.92999999999999,5.0,21.0,0,1,21.0,2.4849066497880004,5.52134091066167,0.0,0,3.0,0.006213248301165122,-5.074838813065397,False
852,대조,0,4.0,13.0,188.69,111.0,0.0,0.0,0.0,1.0,1,0.0,0.0,0.0,206.27,7.0,4.0,0,1,4.0,2.6390573296152584,5.245391160738632,0.0,0,1.0,0.012175124058949173,-4.39611057240174,True
854,대조,0,4.0,5.0,193.19,111.0,0.0,0.0,0.0,1.0,0,0.0,0.0,0.0,36.0,2.0,4.0,0,1,4.0,1.791759469228055,5.268837061225528,0.0,0,1.0,0.003618290312135362,-5.618128802015875,False
856,대조,0,1.0,22.0,1073.44,32358.0,0.0,0.0,0.0,6.0,1,0.0,0.0,0.0,333.07,12.0,1.0,0,1,1.0,3.1354942159291497,6.979554874597912,0.0,0,6.0,0.09294728154560859,-2.2781681050874916,True
861,대조,0,,0.0,0.0,0.0,0.0,0.0,0.0,1.0,0,0.0,0.0,0.0,152.58,5.0,90.0,0,1,90.0,0.0,0.0,0.0,0,1.0,2.998750752517713e-06,-12.717311773093492,False
862,대조,0,1.0,9.0,272.34,133.0,0.0,0.0,0.0,1.0,0,0.0,0.0,0.0,92.62,5.0,1.0,0,1,1.0,2.302585092994046,5.610716441536654,0.0,0,1.0,0.006669094684081997,-5.003579725323011,False
863,대조,0,2.0,43.0,716.7900000000001,74386.0,0.0,0.0,0.0,3.0,1,0.0,0.0,0.0,349.51,22.0,2.0,0,1,2.0,3.784189633918261,6.576177047159233,0.0,0,3.0,0.08486846533878328,-2.3779652173473766,True
867,대조,0,3.0,29.0,928.34,102760.0,16.0,38.94,1.0,3.0,1,24.94,12.0,10.0,824.97,19.0,3.0,1,1,3.0,3.4011973816621555,6.834474656787722,0.04194583880905702,1,3.0,0.07254354031275581,-2.5482589120092385,True
871,대조,0,8.0,19.0,1289.1,30923.0,4.0,28.740000000000002,0.0,6.0,1,73.11,9.0,9.0,1342.57,15.0,8.0,1,1,8.0,2.995732273553991,7.162475013731091,0.02229462415638818,0,6.0,0.14269611193600404,-1.7930751732250592,True
873,대조,0,17.0,17.0,500.54,45404.0,1.0,5.29,0.0,4.0,0,0.0,0.0,0.0,8.67,1.0,17.0,0,1,17.0,2.8903717578961645,6.21768336493912,0.010568585927198625,0,4.0,0.01831661826380179,-3.9814600848886945,True
877,대조,0,2.0,11.0,492.96,182.0,0.0,0.0,2.0,4.0,0,0.0,0.0,0.0,286.09000000000003,5.0,2.0,0,1,2.0,2.4849066497880004,6.202454542249622,0.0,1,4.0,0.005445299807721155,-5.207542283513671,False
881,처치,1,3.0,10.0,282.44,166.0,7.0,13.31,0.0,5.0,0,1.39,1.0,1.0,328.49,7.0,3.0,1,1,3.0,2.3978952727983707,5.647000460557217,0.047125053108624845,0,5.0,0.00954035173781479,-4.6426387719803355,True
882,대조,0,6.0,48.0,565.86,267.0,0.0,0.0,0.0,3.0,1,0.0,0.0,0.0,376.85,29.0,6.0,0,1,6.0,3.8918202981106265,6.3401123596593285,0.0,0,3.0,0.0672966487098431,-2.6289767597093823,True
883,처치,1,2.0,54.0,1498.72,33109.0,6.0,31.94,0.0,7.0,1,0.0,0.0,0.0,856.3,37.0,2.0,0,1,2.0,4.007333185232471,7.3130337029992445,0.02131151916301911,0,6.0,0.21698275241957737,-1.2833368548652324,True
884,처치,1,3.0,4.0,95.77,14.0,3.0,18.86,0.0,0.0,0,0.0,0.0,0.0,36.88,4.0,3.0,0,1,3.0,1.6094379124341003,4.572337028892851,0.19693014513939647,0,0.0,0.013200075325979947,-4.31424477223194,True
885,대조,0,6.0,7.0,363.24,191.0,0.0,0.0,0.0,1.0,0,37.06,5.0,5.0,639.75,21.0,6.0,1,1,6.0,2.0794415416798357,5.897812991026527,0.0,0,1.0,0.00924893284958484,-4.673955131927152,False
886,대조,0,4.0,16.0,329.92,62174.0,2.0,1.58,0.0,3.0,1,0.0,0.0,0.0,682.17,16.0,4.0,0,1,4.0,2.833213344056216,5.801876654321982,0.004789039767216295,0,3.0,0.024826769389013376,-3.670692645764257,True
891,대조,0,3.0,14.0,1207.3600000000001,546.0,0.0,0.0,0.0,7.0,0,0.0,0.0,0.0,826.54,13.0,3.0,0,1,3.0,2.70805020110221,7.097019347342667,0.0,0,6.0,0.03855108566090155,-3.2164571703820526,True
893,대조,0,5.0,28.0,1363.83,550.0,0.0,0.0,0.0,2.0,0,0.0,0.0,0.0,428.57,20.0,5.0,0,1,5.0,3.367295829986474,7.218785157738504,0.0,0,2.0,0.07266870549642304,-2.5464000542009817,True
895,대조,0,3.0,30.0,1522.3,43150.0,0.0,0.0,1.0,10.0,1,0.0,0.0,0.0,724.6899999999999,17.0,3.0,0,1,3.0,3.4339872044851463,7.328634313142655,0.0,1,6.0,0.0719468338143671,-2.5571615952880586,True
898,대조,0,1.0,52.0,1378.21,135560.0,1.0,2.99,0.0,5.0,1,6.19,1.0,1.0,763.36,29.0,1.0,1,1,1.0,3.970291913552122,7.229266150463189,0.0021694807032310026,0,5.0,0.1732005609922275,-1.5631119141889538,True
900,처치,1,1.0,149.0,2061.52,132012.0,37.0,65.26,0.0,7.0,1,60.72,74.0,31.0,1634.18,111.0,1.0,1,1,1.0,5.0106352940962555,7.631683815131518,0.03165625363809228,0,6.0,0.401940530811345,-0.3973860514391985,True
901,대조,0,15.0,11.0,428.16,219.0,33.0,33.230000000000004,0.0,3.0,0,0.0,0.0,0.0,136.8,1.0,15.0,0,1,15.0,2.4849066497880004,6.061829809768546,0.07761117339312407,0,3.0,0.028832628647511134,-3.5169911385219104,True
903,대조,0,17.0,3.0,271.3,59.0,1.0,4.99,0.0,3.0,1,0.0,0.0,0.0,321.18,5.0,17.0,0,1,17.0,1.3862943611198906,5.606904399679714,0.018392922963509032,0,3.0,0.014638030910740086,-4.209386056121627,True
907,대조,0,1.0,18.0,282.87,141.0,0.0,0.0,0.0,3.0,0,0.0,0.0,0.0,213.65,7.0,1.0,0,1,1.0,2.9444389791664403,5.648516386884432,0.0,0,3.0,0.007690094121068937,-4.860102440763008,False
908,대조,0,5.0,20.0,824.91,9143.0,1.0,1.78,2.0,4.0,1,0.0,0.0,0.0,393.68,16.0,5.0,0,1,5.0,3.044522437723423,6.71648580874676,0.00215781115515632,1,4.0,0.03439503620944799,-3.3348425526675975,True
911,대조,0,3.0,15.0,764.04,355.0,1.0,3.49,1.0,3.0,1,4.59,1.0,1.0,260.0,4.0,3.0,1,1,3.0,2.772588722239781,6.639928120041287,0.004567823674153186,1,3.0,0.03077543240330966,-3.4497796145013004,True
913,대조,0,9.0,5.0,143.28,52.0,0.0,0.0,0.0,2.0,0,0.0,0.0,0.0,259.15000000000003,5.0,9.0,0,1,9.0,1.791759469228055,4.9717558560353385,0.0,0,2.0,0.0023563796831492243,-6.048269710026407,False
915,대조,0,3.0,26.0,179.04,109.0,0.0,0.0,0.0,2.0,1,0.0,0.0,0.0,93.35,12.0,3.0,0,1,3.0,3.295836866004329,5.1931790484247315,0.0,0,2.0,0.01331085765525596,-4.305774970554167,True
916,대조,0,1.0,46.0,968.14,53133.0,0.0,0.0,0.0,4.0,0,0.0,0.0,0.0,896.32,31.0,1.0,0,1,1.0,3.8501476017100584,6.876409080298872,0.0,0,4.0,0.04813297654945953,-2.984457818429805,True
918,대조,0,54.0,2.0,20.0,4351.0,0.0,0.0,0.0,5.0,0,0.0,0.0,0.0,0.0,0.0,54.0,0,0,54.0,1.0986122886681098,3.044522437723423,0.0,0,5.0,0.0001538723160293879,-8.779233531994693,False
919,대조,0,7.0,22.0,211.42,156.0,0.0,0.0,0.0,1.0,0,0.0,0.0,0.0,203.46,12.0,7.0,0,1,7.0,3.1354942159291497,5.358565446893394,0.0,0,1.0,0.006634879123670783,-5.008757841568123,False
920,대조,0,3.0,46.0,1609.72,74851.0,2.0,17.98,0.0,6.0,1,0.0,0.0,0.0,820.51,26.0,3.0,0,1,3.0,3.8501476017100584,7.384436562981113,0.011169644410207987,0,6.0,0.2053250887635638,-1.3533385924075867,True
922,대조,0,3.0,32.0,707.77,40708.0,0.0,0.0,0.0,4.0,1,0.0,0.0,0.0,278.89,15.0,3.0,0,1,3.0,3.4965075614664802,6.563531073338707,0.0,0,4.0,0.07198359062005483,-2.5566112301650854,True
923,대조,0,3.0,25.0,716.47,121406.0,0.0,0.0,0.0,2.0,0,0.0,0.0,0.0,53.56,3.0,3.0,0,1,3.0,3.258096538021482,6.575731134912947,0.0,0,2.0,0.03087975996005825,-3.4462877391089837,True
924,대조,0,1.0,13.0,393.76,137.0,0.0,0.0,0.0,3.0,0,0.0,0.0,0.0,202.97,7.0,1.0,0,1,1.0,2.6390573296152584,5.978277985303807,0.0,0,3.0,0.010645812955665173,-4.531885728796841,True
925,대조,0,8.0,21.0,91.48,60.0,0.0,0.0,0.0,1.0,0,0.0,0.0,0.0,0.0,0.0,8.0,0,0,8.0,3.091042453358316,4.5269924049240675,0.0,0,1.0,0.0021986881617787842,-6.11769327774463,False
926,대조,0,3.0,29.0,657.01,98777.0,0.0,0.0,0.0,9.0,1,0.0,0.0,0.0,354.95,7.0,3.0,0,1,3.0,3.4011973816621555,6.489220128778224,0.0,0,6.0,0.05619676910532975,-2.8210584365515445,True
927,대조,0,13.0,5.0,133.3,30.0,0.0,0.0,0.0,1.0,0,0.0,0.0,0.0,152.4,5.0,13.0,0,1,13.0,1.791759469228055,4.900076103529192,0.0,0,1.0,0.0023438238972618383,-6.053624964292221,False
928,대조,0,7.0,26.0,653.81,271.0,0.0,0.0,0.0,5.0,0,0.0,0.0,0.0,100.44,10.0,7.0,0,1,7.0,3.295836866004329,6.484345117219096,0.0,0,5.0,0.023437749970468793,-3.729690527314605,True
934,처치,1,1.0,38.0,1986.54,32651.0,54.0,48.96,0.0,8.0,1,12.940000000000001,14.0,14.0,1080.39,27.0,1.0,1,1,1.0,3.6635616461296463,7.594652972112129,0.02464586668277508,0,6.0,0.2688799859109698,-1.0003124932165248,True
935,대조,0,5.0,5.0,189.09,35813.0,0.0,0.0,0.0,1.0,0,0.0,0.0,0.0,76.75,4.0,5.0,0,1,5.0,1.791759469228055,5.247497644218062,0.0,0,1.0,0.0035382860740735774,-5.640568268332547,False
938,대조,0,17.0,3.0,57.36,20.0,0.0,0.0,0.0,2.0,0,0.0,0.0,0.0,0.0,0.0,17.0,0,0,17.0,1.3862943611198906,4.066630723654585,0.0,0,2.0,0.0006478000179413542,-7.34128051360019,False
939,대조,0,5.0,29.0,1176.93,796.0,2.0,6.98,0.0,2.0,1,13.17,3.0,3.0,718.84,15.0,5.0,1,1,5.0,3.4011973816621555,7.071513939695506,0.005930684067871496,0,2.0,0.15348173394301906,-1.7075502168384813,True
940,대조,0,18.0,6.0,139.79,55.0,8.0,27.53,0.0,1.0,0,4.48,2.0,2.0,167.07,3.0,18.0,1,1,18.0,1.9459101490553132,4.947269418474436,0.19693826453966667,0,1.0,0.02460385912020902,-3.6799403813792786,True
941,대조,0,3.0,11.0,139.95,13597.0,4.0,13.76,0.0,5.0,1,27.04,6.0,6.0,378.89,18.0,3.0,1,1,3.0,2.4849066497880004,4.948405217560121,0.09832082886745266,0,5.0,0.017958147068643102,-4.001590039884991,True
943,대조,0,11.0,5.0,145.21,73.0,1.0,2.0,0.0,3.0,0,0.0,0.0,0.0,128.37,3.0,11.0,0,1,11.0,1.791759469228055,4.985043944429346,0.013773156118724605,0,3.0,0.002652291324195192,-5.929675547058798,False
944,대조,0,25.0,14.0,383.86,63319.0,0.0,0.0,0.0,1.0,0,0.0,0.0,0.0,371.79,13.0,25.0,0,1,25.0,2.70805020110221,5.952879631792413,0.0,0,1.0,0.013786694675227874,-4.2701686921078394,True
946,대조,0,9.0,22.0,434.98,210.0,0.0,0.0,0.0,3.0,1,0.0,0.0,0.0,189.75,18.0,9.0,0,1,9.0,3.1354942159291497,6.077596370737269,0.0,0,3.0,0.03823041165125789,-3.225143593421918,True
947,대조,0,5.0,25.0,261.61,138.0,35.0,45.980000000000004,0.0,7.0,1,0.0,0.0,0.0,213.64,19.0,5.0,0,1,5.0,3.258096538021482,5.570670041874793,0.17575780742326363,0,6.0,0.11052359720600402,-2.085403930600683,True
952,대조,0,14.0,10.0,193.0,85.0,0.0,0.0,0.0,4.0,0,0.0,0.0,0.0,202.57,8.0,14.0,0,1,14.0,2.3978952727983707,5.267858159063328,0.0,0,4.0,0.0038832965386999237,-5.547180006584561,False
953,대조,0,6.0,36.0,1010.07,14410.0,0.0,0.0,0.0,2.0,0,0.0,0.0,0.0,200.74,9.0,6.0,0,1,6.0,3.6109179126442243,6.918764455001449,0.0,0,2.0,0.05461369298282453,-2.8513089959158213,True
954,대조,0,13.0,7.0,396.75,200.0,2.0,18.68,0.0,3.0,0,9.99,1.0,1.0,188.23,3.0,13.0,1,1,13.0,2.0794415416798357,5.985823667217896,0.0470825456836799,0,3.0,0.01602819498123236,-4.117247885467414,True
956,대조,0,1.0,80.0,1264.94,134049.0,0.0,0.0,1.0,4.0,1,0.0,0.0,0.0,720.09,56.0,1.0,0,1,1.0,4.394449154672439,7.143570208216092,0.0,1,4.0,0.08768886198703413,-2.342186201969696,True
957,대조,0,1.0,68.0,383.76,197.0,0.0,0.0,0.0,4.0,0,0.0,0.0,0.0,145.96,15.0,1.0,0,1,1.0,4.23410650459726,5.952619763284415,0.0,0,4.0,0.01678943347870163,-4.0700735763361315,True
960,대조,0,6.0,8.0,211.18,15049.0,0.0,0.0,0.0,5.0,1,0.0,0.0,0.0,83.09,4.0,6.0,0,1,6.0,2.1972245773362196,5.357434971031125,0.0,0,5.0,0.009401004580987865,-4.657493252156376,True
964,대조,0,5.0,19.0,230.55,92.0,0.0,0.0,0.0,1.0,0,0.0,0.0,0.0,440.22,23.0,5.0,0,1,5.0,2.995732273553991,5.444795832926761,0.0,0,1.0,0.00699480837162023,-4.955567679565991,False
965,대조,0,52.0,1.0,94.44,46.0,0.0,0.0,0.0,1.0,0,0.0,0.0,0.0,151.73,3.0,52.0,0,1,52.0,0.6931471805599453,4.55849777778966,0.0,0,1.0,0.0012700716004046362,-6.667411123004564,False
968,처치,1,2.0,18.0,1410.29,761.0,15.0,32.6,0.0,9.0,1,41.43,51.0,16.0,1188.8,11.0,2.0,1,1,2.0,2.9444389791664403,7.252259458729159,0.023115813059725307,0,6.0,0.15215774176016547,-1.7177768447938617,True
971,대조,0,2.0,24.0,768.72,5333.0,0.0,0.0,0.0,3.0,1,0.0,0.0,0.0,296.14,9.0,2.0,0,1,2.0,3.2188758248682006,6.646026812352359,0.0,0,3.0,0.07692714829120735,-2.484849312744396,True
972,대조,0,1.0,47.0,637.53,81978.0,0.0,0.0,0.0,7.0,0,0.0,0.0,0.0,270.04,29.0,1.0,0,1,1.0,3.871201010907891,6.459168659490206,0.0,0,6.0,0.025059358170497384,-3.661129251541764,True
975,대조,0,1.0,25.0,675.6800000000001,122192.0,0.0,0.0,0.0,4.0,0,0.0,0.0,0.0,431.35,18.0,1.0,0,1,1.0,3.258096538021482,6.517198487607091,0.0,0,4.0,0.0248963107707852,-3.6678241825929465,True
976,대조,0,2.0,21.0,1611.47,631.0,0.0,0.0,0.0,3.0,1,0.0,0.0,0.0,807.14,11.0,2.0,0,1,2.0,3.091042453358316,7.385522443845696,0.0,0,3.0,0.17471808635384858,-1.5525513016229409,True
978,대조,0,10.0,8.0,499.45,189.0,1.0,2.0,0.0,3.0,0,0.0,0.0,0.0,398.35,10.0,10.0,0,1,10.0,2.1972245773362196,6.215507693665028,0.004004404845329863,0,3.0,0.013695922355510166,-4.2768665519885,True
984,대조,0,14.0,5.0,140.65,104.0,0.0,0.0,0.0,1.0,0,0.0,0.0,0.0,72.73,1.0,14.0,0,1,14.0,1.791759469228055,4.953359226276525,0.0,0,1.0,0.0025288950084970474,-5.977440729118204,False
986,대조,0,1.0,13.0,245.26,100.0,0.0,0.0,0.0,2.0,1,0.0,0.0,0.0,104.84,8.0,1.0,0,1,1.0,2.6390573296152584,5.506387888364725,0.0,0,2.0,0.015753960844545688,-4.13478408974097,True
987,대조,0,12.0,6.0,264.18,89.0,0.0,0.0,0.0,3.0,0,0.0,0.0,0.0,38.64,2.0,12.0,0,1,12.0,1.9459101490553132,5.580408840686573,0.0,0,3.0,0.005279816972458936,-5.238570041709737,False
995,대조,0,,0.0,0.0,0.0,0.0,0.0,0.0,3.0,0,0.0,0.0,0.0,44.370000000000005,2.0,90.0,0,1,90.0,0.0,0.0,0.0,0,3.0,2.626219445508066e-06,-12.84996259289831,False
996,대조,0,1.0,30.0,298.78000000000003,135.0,0.0,0.0,0.0,5.0,1,0.0,0.0,0.0,190.45,16.0,1.0,0,1,1.0,3.4339872044851463,5.70304887230245,0.0,0,5.0,0.022015726255432626,-3.793736562108171,True
999,대조,0,19.0,8.0,468.49,180.0,1.0,2.99,0.0,3.0,0,0.0,0.0,0.0,96.36,4.0,19.0,0,1,19.0,2.1972245773362196,6.151646999166959,0.006382206663962945,0,3.0,0.013620120103192725,-4.282493435301051,True
1000,대조,0,4.0,22.0,563.7,19081.0,0.0,0.0,0.0,3.0,0,0.0,0.0,0.0,311.17,10.0,4.0,0,1,4.0,3.1354942159291497,6.336294616678791,0.0,0,3.0,0.020502383571800745,-3.8664986527434717,True
1001,대조,0,13.0,18.0,888.63,368.0,12.0,13.58,0.0,3.0,1,0.0,0.0,0.0,697.63,18.0,13.0,0,1,13.0,2.9444389791664403,6.790805645949292,0.01528195086819036,0,3.0,0.10396651006191672,-2.1539089607926387,True
1003,대조,0,39.0,2.0,42.04,8.0,0.0,0.0,0.0,2.0,1,0.0,0.0,0.0,46.56,1.0,39.0,0,1,39.0,1.0986122886681098,3.762129915853529,0.0,0,2.0,0.0011534405177237234,-6.763851942214014,False
1004,대조,0,3.0,53.0,590.9,90104.0,3.0,1.79,0.0,5.0,1,0.0,0.0,0.0,169.47,19.0,3.0,0,1,3.0,3.9889840465642745,6.3833377016966795,0.003029277373498054,0,5.0,0.06578721927187871,-2.65327864543264,True
1005,대조,0,20.0,27.0,340.74,197.0,0.0,0.0,0.0,3.0,0,5.29,1.0,1.0,243.76,14.0,20.0,1,1,20.0,3.332204510175204,5.834050214020127,0.0,0,3.0,0.01250859075890991,-4.36875212826919,True
1007,처치,1,22.0,8.0,52.48,40.0,6.0,11.8,0.0,3.0,0,0.0,0.0,0.0,121.0,6.0,22.0,0,1,22.0,2.1972245773362196,3.9793077522337423,0.2248475609756098,0,3.0,0.00933593409496626,-4.664504656179348,True
1010,대조,0,13.0,16.0,509.6,58053.0,1.0,1.99,0.0,1.0,0,0.0,0.0,0.0,237.85,10.0,13.0,0,1,13.0,2.833213344056216,6.235586504807383,0.0039050235478806906,0,1.0,0.020284418488610026,-3.877409277410563,True
1011,대조,0,4.0,18.0,454.43,5527.0,0.0,0.0,0.0,4.0,0,2.29,1.0,1.0,329.9,11.0,4.0,1,1,4.0,2.9444389791664403,6.121242027612733,0.0,0,4.0,0.013594970272874025,-4.284367159451622,True
1012,대조,0,50.0,6.0,252.62,111.0,0.0,0.0,0.0,4.0,1,0.0,0.0,0.0,121.72,4.0,50.0,0,1,50.0,1.9459101490553132,5.535837083806753,0.0,0,4.0,0.014915153457611012,-4.190350069359642,True
1015,대조,0,4.0,10.0,358.47,186.0,0.0,0.0,1.0,5.0,1,0.0,0.0,0.0,292.52,7.0,4.0,0,1,4.0,2.3978952727983707,5.884630724443972,0.0,1,5.0,0.00850461302136204,-4.758605570701972,False
1018,대조,0,2.0,18.0,367.3,172.0,11.0,22.52,0.0,5.0,1,17.19,13.0,4.0,147.06,7.0,2.0,1,1,2.0,2.9444389791664403,5.90889782345102,0.06131227879117887,0,5.0,0.0476647071137462,-2.994725939949044,True
1019,대조,0,13.0,9.0,259.47,78.0,0.0,0.0,0.0,1.0,0,0.0,0.0,0.0,132.88,8.0,13.0,0,1,13.0,2.302585092994046,5.562487691413844,0.0,0,1.0,0.006705099490699253,-4.998159244412078,False
1020,대조,0,2.0,38.0,1905.48,10887.0,7.0,31.13,0.0,5.0,1,30.95,5.0,5.0,1237.38,16.0,2.0,1,1,2.0,3.6635616461296463,7.553013888815109,0.016337090916724393,0,5.0,0.25402460081768014,-1.0772615067511668,True
1021,대조,0,5.0,11.0,182.92000000000002,31.0,0.0,0.0,0.0,1.0,1,0.0,0.0,0.0,95.8,9.0,5.0,0,1,5.0,2.4849066497880004,5.214500880454926,0.0,0,1.0,0.011145725146349709,-4.485490945369131,True
1025,대조,0,4.0,7.0,772.55,325.0,0.0,0.0,0.0,3.0,0,0.0,0.0,0.0,134.1,2.0,4.0,0,1,4.0,2.0794415416798357,6.650990309165078,0.0,0,3.0,0.021400505579811605,-3.8227079152454957,True
1031,대조,0,,0.0,0.0,0.0,0.0,0.0,0.0,2.0,1,0.0,0.0,0.0,0.0,0.0,90.0,0,0,90.0,0.0,0.0,0.0,0,2.0,7.288577609668833e-06,-11.829194857648762,False
1032,대조,0,3.0,6.0,275.02,49.0,0.0,0.0,0.0,7.0,0,0.0,0.0,0.0,0.0,0.0,3.0,0,0,3.0,1.9459101490553132,5.620473326859893,0.0,0,6.0,0.0043359610418652415,-5.436466611112387,False
1034,대조,0,15.0,1.0,11.79,2.0,0.0,0.0,0.0,2.0,0,0.0,0.0,0.0,263.34,11.0,15.0,0,1,15.0,0.6931471805599453,2.548663615590751,0.0,0,2.0,6.750446552742174e-05,-9.603249299568139,False
1038,대조,0,61.0,16.0,73.25,61.0,0.0,0.0,0.0,2.0,1,0.0,0.0,0.0,19.54,2.0,61.0,0,1,61.0,2.833213344056216,4.307437777682809,0.0,0,2.0,0.004941480933748001,-5.305136478128027,False
1039,대조,0,11.0,14.0,908.77,295.0,0.0,0.0,2.0,4.0,0,0.0,0.0,0.0,407.31,7.0,11.0,0,1,11.0,2.70805020110221,6.813191820312179,0.0,1,4.0,0.013790744872946311,-4.269870852592496,True
1041,대조,0,3.0,61.0,1401.8700000000001,682.0,0.0,0.0,0.0,8.0,1,0.0,0.0,0.0,777.77,34.0,3.0,0,1,3.0,4.127134385045092,7.246275417220651,0.0,0,6.0,0.17297190986914865,-1.5647094501320908,True
1045,대조,0,1.0,43.0,718.85,58621.0,3.0,20.97,0.0,5.0,1,13.68,2.0,2.0,391.56,12.0,1.0,1,1,1.0,3.784189633918261,6.5790428569723645,0.02917159351742366,0,5.0,0.10132922063355478,-2.182541933738551,True
1046,처치,1,5.0,16.0,609.01,261.0,3.0,9.23,0.0,3.0,0,32.54,6.0,5.0,182.34,7.0,5.0,1,1,5.0,2.833213344056216,6.413475350475609,0.015155744569054696,0,3.0,0.024274095498433394,-3.6937719585571998,True
1047,대조,0,1.0,9.0,177.64000000000001,76.0,0.0,0.0,0.0,2.0,0,9.99,1.0,1.0,56.49,8.0,1.0,1,1,1.0,2.302585092994046,5.185372607531902,0.0,0,2.0,0.0035684322965922385,-5.632054097906533,False
1048,대조,0,11.0,5.0,217.0,16439.0,0.0,0.0,0.0,1.0,0,0.0,0.0,0.0,0.0,0.0,11.0,0,0,11.0,1.791759469228055,5.384495062789089,0.0,0,1.0,0.004386064684193398,-5.424927169532598,False
1050,대조,0,2.0,18.0,1086.42,82209.0,0.0,0.0,0.0,5.0,0,0.0,0.0,0.0,596.2,12.0,2.0,0,1,2.0,2.9444389791664403,6.991563197038542,0.0,0,5.0,0.0387176274676944,-3.2119732113367343,True
1051,대조,0,1.0,7.0,320.16,127.0,5.0,29.17,0.0,1.0,0,25.060000000000002,16.0,8.0,370.51,6.0,1.0,1,1,1.0,2.0794415416798357,5.7719394413164835,0.09111069465267366,0,1.0,0.02107646224641575,-3.8382966526172546,True
1053,대조,0,6.0,14.0,587.91,275.0,3.0,12.52,0.0,5.0,1,7.24,4.0,2.0,377.24,10.0,6.0,1,1,6.0,2.70805020110221,6.378273370618036,0.021295776564440136,0,5.0,0.05278114743488292,-2.887376096604942,True
1055,대조,0,18.0,14.0,169.78,85.0,0.0,0.0,0.0,5.0,0,0.0,0.0,0.0,23.86,2.0,18.0,0,1,18.0,2.70805020110221,5.14037617847946,0.0,0,5.0,0.003506421291932368,-5.649646753377067,False
1061,대조,0,3.0,35.0,1654.92,28083.0,0.0,0.0,0.0,3.0,0,0.0,0.0,0.0,1042.61,27.0,3.0,0,1,3.0,3.58351893845611,7.412112024599535,0.0,0,3.0,0.09174149227071172,-2.292554282883743,True
1062,대조,0,2.0,26.0,90.88,92.0,0.0,0.0,0.0,2.0,1,6.880000000000001,2.0,2.0,117.95,22.0,2.0,1,1,2.0,3.295836866004329,4.520483377820898,0.0,0,2.0,0.005483047853659087,-5.20059602002207,False
1065,대조,0,3.0,6.0,716.03,300.0,0.0,0.0,0.0,5.0,0,0.0,0.0,0.0,251.9,4.0,3.0,0,1,3.0,1.9459101490553132,6.575117680728494,0.0,0,5.0,0.016167532469924802,-4.108450563299803,True
1067,처치,1,4.0,19.0,1150.94,16071.0,11.0,45.68,0.0,2.0,0,15.83,5.0,5.0,625.85,7.0,4.0,1,1,4.0,2.995732273553991,7.049202756566119,0.03968929744382852,0,2.0,0.07884319817155315,-2.458169226674329,True
1070,대조,0,2.0,17.0,658.17,88239.0,3.0,5.59,0.0,8.0,1,6.39,1.0,1.0,312.15,10.0,2.0,1,1,2.0,2.8903717578961645,6.490981467850926,0.008493246425695489,0,6.0,0.05173985082273738,-2.9084005900282155,True
1071,대조,0,4.0,13.0,312.42,226.0,0.0,0.0,0.0,3.0,0,0.0,0.0,0.0,218.88,5.0,4.0,0,1,4.0,2.6390573296152584,5.74754414409507,0.0,0,3.0,0.008005878036925228,-4.819541155331402,False
1072,대조,0,11.0,9.0,333.27,278.0,1.0,1.98,0.0,2.0,0,5.24,10.0,6.0,226.28,3.0,11.0,1,1,11.0,2.302585092994046,5.811949049644489,0.00594112881447475,0,2.0,0.009201940014510059,-4.6790964066177185,False
1075,대조,0,11.0,13.0,231.29000000000002,81.0,0.0,0.0,0.0,1.0,0,0.0,0.0,0.0,117.66,3.0,11.0,0,1,11.0,2.6390573296152584,5.4479865910667415,0.0,0,1.0,0.0064164587001816036,-5.042451785148517,False
1076,대조,0,10.0,14.0,312.4,78.0,0.0,0.0,0.0,1.0,1,4.74,6.0,3.0,132.6,6.0,10.0,1,1,10.0,2.70805020110221,5.74748032992192,0.0,0,1.0,0.024755496433911964,-3.6736406699510207,True
1078,대조,0,2.0,22.0,507.38,62405.0,0.0,0.0,0.0,9.0,0,0.0,0.0,0.0,526.78,17.0,2.0,0,1,2.0,3.1354942159291497,6.2312291994384275,0.0,0,6.0,0.014544947893302169,-4.215859806832227,True
1083,대조,0,11.0,12.0,285.56,5095.0,0.0,0.0,0.0,1.0,0,0.0,0.0,0.0,119.84,5.0,11.0,0,1,11.0,2.5649493574615367,5.657947938312402,0.0,0,1.0,0.008235160636966447,-4.791073152035311,False
1084,대조,0,3.0,29.0,238.12,112.0,0.0,0.0,0.0,6.0,1,0.0,0.0,0.0,109.87,12.0,3.0,0,1,3.0,3.4011973816621555,5.476965517975683,0.0,0,6.0,0.015384529380961503,-4.158888760960257,True
1087,대조,0,29.0,3.0,347.32,150.0,0.0,0.0,0.0,6.0,0,0.0,0.0,0.0,5.87,3.0,29.0,0,1,29.0,1.3862943611198906,5.853121597486237,0.0,0,6.0,0.0056169513064649795,-5.176333448727748,False
1088,대조,0,3.0,12.0,159.25,131.0,0.0,0.0,0.0,2.0,0,0.0,0.0,0.0,120.25,6.0,3.0,0,1,3.0,2.5649493574615367,5.076735095800779,0.0,0,2.0,0.0034303496521272286,-5.671656836812538,False
1089,대조,0,4.0,11.0,310.82,24914.0,0.0,0.0,0.0,1.0,0,27.85,11.0,10.0,463.29,9.0,4.0,1,1,4.0,2.4849066497880004,5.742426098248406,0.0,0,1.0,0.008594742760421884,-4.747972679008939,False
1091,대조,0,23.0,2.0,150.39000000000001,14093.0,0.0,0.0,0.0,5.0,1,0.0,0.0,0.0,37.42,2.0,23.0,0,1,23.0,1.0986122886681098,5.019859288623787,0.0,0,5.0,0.0045286836382838055,-5.392785000100141,False
1097,대조,0,7.0,24.0,988.39,78134.0,0.0,0.0,0.0,4.0,0,0.0,0.0,0.0,612.6,11.0,7.0,0,1,7.0,3.2188758248682006,6.897088591606893,0.0,0,4.0,0.04128921882880374,-3.1449880250535047,True
1098,대조,0,1.0,70.0,1436.38,129811.0,0.0,0.0,1.0,7.0,0,0.0,0.0,0.0,893.89,44.0,1.0,0,1,1.0,4.2626798770413155,7.270577290926132,0.0,1,6.0,0.03530272967973865,-3.307854053621666,True
1102,대조,0,19.0,9.0,358.73,168.0,0.0,0.0,0.0,2.0,0,0.0,0.0,0.0,198.23,6.0,19.0,0,1,19.0,2.302585092994046,5.885353750059451,0.0,0,2.0,0.009920389185308439,-4.603193201942686,True
1104,대조,0,5.0,13.0,499.62,4655.0,0.0,0.0,0.0,8.0,0,0.0,0.0,0.0,230.57,8.0,5.0,0,1,5.0,2.6390573296152584,6.215847330257143,0.0,0,6.0,0.012202601646734377,-4.393828435587175,True
1110,처치,1,4.0,22.0,973.05,280.0,6.0,21.740000000000002,0.0,0.0,0,0.0,0.0,0.0,218.67000000000002,4.0,4.0,0,1,4.0,3.1354942159291497,6.881462637027213,0.02234212013771132,0,0.0,0.06331475001925435,-2.6942289936124992,True
1113,대조,0,1.0,23.0,390.49,195.0,0.0,0.0,1.0,7.0,1,0.0,0.0,0.0,275.96,13.0,1.0,0,1,1.0,3.1780538303479458,5.9699599723204715,0.0,1,6.0,0.011492036933123034,-4.454542343362248,True
1116,대조,0,3.0,10.0,629.21,338.0,0.0,0.0,0.0,3.0,0,0.0,0.0,0.0,24.68,3.0,3.0,0,1,3.0,2.3978952727983707,6.446053097175699,0.0,0,3.0,0.018215308390691933,-3.9871096684273044,True
1117,대조,0,9.0,7.0,162.68,96.0,0.0,0.0,0.0,6.0,0,3.99,1.0,1.0,135.39,10.0,9.0,1,1,9.0,2.0794415416798357,5.097913302203317,0.0,0,6.0,0.002362978359666804,-6.045466664211629,False
1119,대조,0,6.0,6.0,127.11,72.0,3.0,14.350000000000001,0.0,2.0,0,2.69,1.0,1.0,225.03,7.0,6.0,1,1,6.0,1.9459101490553132,4.852889269868342,0.11289434348202346,0,2.0,0.007457545668752229,-4.891043425534446,False
1120,대조,0,35.0,6.0,60.230000000000004,39.0,0.0,0.0,0.0,1.0,1,0.0,0.0,0.0,55.45,3.0,35.0,0,1,35.0,1.9459101490553132,4.114637265489863,0.0,0,1.0,0.0025832208610289476,-5.956131699765834,False
1121,대조,0,23.0,8.0,590.14,247.0,8.0,25.43,0.0,2.0,0,4.0,2.0,1.0,147.56,4.0,23.0,1,1,23.0,2.1972245773362196,6.382052875985716,0.043091469820720506,0,2.0,0.03008242037776835,-3.473270137894725,True
1122,대조,0,,0.0,0.0,0.0,0.0,0.0,0.0,3.0,0,0.0,0.0,0.0,0.0,0.0,90.0,0,0,90.0,0.0,0.0,0.0,0,3.0,2.626219445508066e-06,-12.84996259289831,False
1123,대조,0,21.0,9.0,591.09,153.0,0.0,0.0,0.0,4.0,1,0.0,0.0,0.0,57.46,1.0,21.0,0,1,21.0,2.302585092994046,6.383658650356096,0.0,0,4.0,0.04264362098273694,-3.11129801788997,True
1124,대조,0,36.0,6.0,106.88,60.0,1.0,6.99,0.0,1.0,0,1.17,3.0,1.0,112.61,11.0,36.0,1,1,36.0,1.9459101490553132,4.681019498271529,0.06540044910179642,0,1.0,0.004423837970521685,-5.416313988444457,False
1125,대조,0,4.0,19.0,23.75,58.0,0.0,0.0,0.0,1.0,0,0.0,0.0,0.0,30.86,7.0,4.0,0,1,4.0,2.995732273553991,3.2088254890146994,0.0,0,1.0,0.0003645559057773914,-7.9164660192857585,False
1126,대조,0,3.0,5.0,489.05,214.0,0.0,0.0,0.0,2.0,0,0.0,0.0,0.0,136.46,2.0,3.0,0,1,3.0,1.791759469228055,6.194507426715189,0.0,0,2.0,0.011353396105545347,-4.466820025548342,True
1127,대조,0,22.0,4.0,53.900000000000006,19.0,1.0,3.0,0.0,2.0,0,26.47,3.0,2.0,274.44,6.0,22.0,1,1,22.0,1.6094379124341003,4.0055133485154855,0.05565862708719851,0,2.0,0.0012481021267433095,-6.684882298401723,False
1128,대조,0,2.0,44.0,733.45,42364.0,0.0,0.0,0.0,7.0,1,0.0,0.0,0.0,340.0,20.0,2.0,0,1,2.0,3.8066624897703196,6.599121919777424,0.0,0,6.0,0.07318944626116859,-2.5386979459689183,True
1130,대조,0,1.0,39.0,739.68,366.0,1.0,3.08,1.0,6.0,1,7.34,2.0,2.0,804.05,26.0,1.0,1,1,1.0,3.6888794541139363,6.607568683169615,0.004163962794722043,1,6.0,0.03277562153285872,-3.3847455110840987,True
1132,대조,0,24.0,10.0,376.25,156.0,0.0,0.0,0.0,2.0,0,0.0,0.0,0.0,131.92000000000002,7.0,24.0,0,1,24.0,2.3978952727983707,5.9329080976479585,0.0,0,2.0,0.011229232910038143,-4.477942063031378,True
1133,대조,0,2.0,29.0,367.34000000000003,147.0,0.0,0.0,0.0,1.0,0,9.99,1.0,1.0,118.14,11.0,2.0,1,1,2.0,3.4011973816621555,5.90900642466746,0.0,0,1.0,0.014536241146383994,-4.21646743098836,True
1136,대조,0,4.0,18.0,444.12,258.0,0.0,0.0,0.0,2.0,0,0.0,0.0,0.0,207.58,8.0,4.0,0,1,4.0,2.9444389791664403,6.098343908735078,0.0,0,2.0,0.015038643645944913,-4.181979276935039,True
1137,대조,0,1.0,12.0,255.86,96.0,0.0,0.0,0.0,4.0,1,0.0,0.0,0.0,211.03,13.0,1.0,0,1,1.0,2.5649493574615367,5.54853118938491,0.0,0,4.0,0.014233090617690134,-4.237850347635148,True
1138,대조,0,1.0,26.0,483.77,287.0,5.0,27.950000000000003,0.0,6.0,1,6.66,7.0,3.0,435.1,20.0,1.0,1,1,1.0,3.295836866004329,6.183674551652266,0.057775389131198715,0,6.0,0.06787147399737924,-2.619854880182578,True
1139,대조,0,44.0,6.0,409.54,126.0,0.0,0.0,0.0,7.0,0,0.0,0.0,0.0,629.04,4.0,44.0,0,1,44.0,1.9459101490553132,6.017473366289033,0.0,0,6.0,0.009234999165105517,-4.675476849598299,False
1141,대조,0,23.0,10.0,434.78000000000003,191.0,0.0,0.0,0.0,1.0,0,4.38,2.0,2.0,127.86,3.0,23.0,1,1,23.0,2.3978952727983707,6.077137528846132,0.0,0,1.0,0.014389513223493014,-4.226761539803289,True
1151,대조,0,3.0,44.0,498.78000000000003,13465.0,0.0,0.0,0.0,2.0,1,0.0,0.0,0.0,384.73,24.0,3.0,0,1,3.0,3.8066624897703196,6.214168001593788,0.0,0,2.0,0.0586128161174571,-2.776401137236315,True
1153,대조,0,60.0,2.0,69.11,37.0,0.0,0.0,0.0,1.0,0,0.0,0.0,0.0,7.93,1.0,60.0,0,1,60.0,1.0986122886681098,4.250065437218876,0.0,0,1.0,0.001020884568702204,-6.8860643972634845,False
1154,대조,0,4.0,20.0,505.98,243.0,0.0,0.0,0.0,5.0,1,0.0,0.0,0.0,442.89,13.0,4.0,0,1,4.0,3.044522437723423,6.228471555081345,0.0,0,5.0,0.03844712743132155,-3.2192655692255876,True
1157,대조,0,13.0,14.0,381.35,180.0,0.0,0.0,0.0,3.0,0,0.0,0.0,0.0,10.26,1.0,13.0,0,1,13.0,2.70805020110221,5.946336419490234,0.0,0,3.0,0.011199444250191133,-4.4806284921967166,True
1158,대조,0,3.0,49.0,601.5600000000001,67153.0,0.0,0.0,0.0,5.0,1,0.0,0.0,0.0,122.32,24.0,3.0,0,1,3.0,3.912023005428146,6.401187245468788,0.0,0,5.0,0.06350173780290913,-2.6910803937475163,True
1159,대조,0,2.0,23.0,466.65,228.0,0.0,0.0,0.0,4.0,1,0.0,0.0,0.0,469.09000000000003,23.0,2.0,0,1,2.0,3.1780538303479458,6.14772015288056,0.0,0,4.0,0.038267391556597696,-3.2241383200737497,True
1164,대조,0,1.0,17.0,748.97,289.0,2.0,1.23,0.0,3.0,1,4.69,1.0,1.0,291.93,6.0,1.0,1,1,1.0,2.8903717578961645,6.620033205730335,0.0016422553640332723,0,3.0,0.06772696509334374,-2.622141324365876,True
1165,대조,0,9.0,13.0,314.24,5755.0,7.0,20.36,0.0,1.0,0,5.29,1.0,1.0,82.18,3.0,9.0,1,1,9.0,2.6390573296152584,5.753334253485449,0.06479124236252545,0,1.0,0.01950537877473411,-3.917366897738477,True
1169,대조,0,3.0,23.0,639.12,7459.0,5.0,14.99,0.0,4.0,1,4.19,1.0,1.0,419.74,7.0,3.0,1,1,3.0,3.1780538303479458,6.461655658777789,0.023454124421078984,0,4.0,0.07322968163423446,-2.538104940526698,True
1172,대조,0,10.0,30.0,912.51,14045.0,1.0,2.69,0.0,4.0,1,55.32,8.0,8.0,494.26,17.0,10.0,1,1,10.0,3.4339872044851463,6.817294322665643,0.002947912899584662,0,4.0,0.10251729237263875,-2.169562362485536,True
1174,대조,0,3.0,13.0,465.63,258.0,0.0,0.0,0.0,2.0,1,6.49,1.0,1.0,62.92,3.0,3.0,1,1,3.0,2.6390573296152584,6.145536652419772,0.0,0,2.0,0.036314903979722805,-3.2785363424043608,True
1175,대조,0,5.0,14.0,800.84,83154.0,3.0,8.940000000000001,0.0,5.0,1,27.99,1.0,1.0,842.6800000000001,13.0,5.0,1,1,5.0,2.70805020110221,6.686909086716611,0.011163278557514611,0,5.0,0.06914640178327698,-2.599875990919768,True
1178,대조,0,1.0,34.0,838.04,15044.0,12.0,74.39,0.0,8.0,1,44.910000000000004,10.0,9.0,557.92,20.0,1.0,1,1,1.0,3.5553480614894135,6.7322583811352805,0.08876664598348528,0,6.0,0.18957934411996716,-1.4527458017380988,True
1180,대조,0,5.0,28.0,585.41,75221.0,0.0,0.0,0.0,4.0,0,0.0,0.0,0.0,421.82,17.0,5.0,0,1,5.0,3.367295829986474,6.37401920363304,0.0,0,4.0,0.021977306840177756,-3.795522459681594,True
1181,대조,0,15.0,6.0,148.16,66.0,0.0,0.0,0.0,3.0,0,0.0,0.0,0.0,3.7800000000000002,1.0,15.0,0,1,15.0,1.9459101490553132,5.00501955531062,0.0,0,3.0,0.0025180885963885014,-5.981733894443407,False
1182,대조,0,14.0,10.0,215.47,126.0,0.0,0.0,0.0,3.0,0,0.0,0.0,0.0,94.05,4.0,14.0,0,1,14.0,2.3978952727983707,5.377451969711764,0.0,0,3.0,0.004791962956967637,-5.336011667157987,False
1184,대조,0,,0.0,0.0,0.0,0.0,0.0,0.0,1.0,0,0.0,0.0,0.0,48.08,1.0,90.0,0,1,90.0,0.0,0.0,0.0,0,1.0,2.998750752517713e-06,-12.717311773093492,False
1186,대조,0,1.0,14.0,1244.7,14001.0,5.0,59.55,0.0,5.0,1,0.0,0.0,0.0,921.25,10.0,1.0,0,1,1.0,2.70805020110221,7.127452899892047,0.04784285369968667,0,5.0,0.16442081831837993,-1.6256960084448115,True
1187,대조,0,1.0,27.0,677.61,352.0,0.0,0.0,0.0,6.0,0,0.0,0.0,0.0,382.66,14.0,1.0,0,1,1.0,3.332204510175204,6.5200465884631855,0.0,0,6.0,0.02251948577800399,-3.7705973883643247,True
1191,대조,0,4.0,13.0,371.91,175.0,0.0,0.0,0.0,2.0,0,7.49,1.0,1.0,297.79,13.0,4.0,1,1,4.0,2.6390573296152584,5.921337103666186,0.0,0,2.0,0.010734233147523115,-4.523525024337943,True
1193,대조,0,12.0,12.0,278.64,126.0,1.0,1.49,0.0,3.0,0,0.0,0.0,0.0,152.1,7.0,12.0,0,1,12.0,2.5649493574615367,5.6335030616437844,0.005347401665231123,0,3.0,0.007467001517003378,-4.889766744635889,False
1203,대조,0,1.0,25.0,1035.8700000000001,459.0,0.0,0.0,0.0,6.0,0,0.0,0.0,0.0,461.97,18.0,1.0,0,1,1.0,3.258096538021482,6.943961838751045,0.0,0,6.0,0.037816853251590676,-3.2364499573016374,True
1204,대조,0,23.0,7.0,219.25,8054.0,0.0,0.0,0.0,2.0,0,0.0,0.0,0.0,142.41,6.0,23.0,0,1,23.0,2.0794415416798357,5.394763264816289,0.0,0,2.0,0.0049315909840592885,-5.307149836762369,False
1207,대조,0,17.0,5.0,64.4,25.0,1.0,4.19,0.0,3.0,0,0.0,0.0,0.0,79.63,10.0,17.0,0,1,17.0,1.791759469228055,4.180522258463153,0.06506211180124223,0,3.0,0.001695483292680594,-6.378090528114783,False
1211,대조,0,3.0,26.0,1309.39,69046.0,0.0,0.0,0.0,3.0,0,0.0,0.0,0.0,824.17,18.0,3.0,0,1,3.0,3.295836866004329,7.178080081812055,0.0,0,3.0,0.0627830538883197,-2.7032295935913297,True
1218,대조,0,5.0,14.0,274.06,133.0,0.0,0.0,0.0,1.0,1,0.0,0.0,0.0,177.19,9.0,5.0,0,1,5.0,2.70805020110221,5.616989255686562,0.0,0,1.0,0.02033396038136148,-3.874919324230647,True
1219,대조,0,1.0,22.0,141.16,84.0,0.0,0.0,0.0,2.0,1,0.0,0.0,0.0,152.59,24.0,1.0,0,1,1.0,3.1354942159291497,4.956953183846396,0.0,0,2.0,0.009139156077759598,-4.68600605625967,False
1223,대조,0,1.0,10.0,306.6,107.0,1.0,2.99,0.0,1.0,0,15.68,2.0,2.0,292.23,9.0,1.0,1,1,1.0,2.3978952727983707,5.728800237631489,0.00975212002609263,0,1.0,0.008981241911303738,-4.703595292371075,False
1224,대조,0,7.0,17.0,414.28000000000003,221.0,0.0,0.0,0.0,2.0,0,0.0,0.0,0.0,145.49,9.0,7.0,0,1,7.0,2.8903717578961645,6.028952991518974,0.0,0,2.0,0.013715069847190888,-4.275450071535689,True
1228,대조,0,1.0,124.0,2258.03,227737.0,13.0,33.8,3.0,6.0,1,22.82,4.0,4.0,1307.86,83.0,1.0,1,1,1.0,4.8283137373023015,7.722690796592306,0.014968800237375054,1,6.0,0.19985321645074847,-1.3872120109218926,True
1233,대조,0,81.0,1.0,5.0,2315.0,0.0,0.0,0.0,1.0,0,0.0,0.0,0.0,67.7,5.0,81.0,0,1,81.0,0.6931471805599453,1.791759469228055,0.0,0,1.0,3.8806365998230096e-05,-10.156887445555087,False
1236,대조,0,2.0,15.0,292.58,122.0,0.0,0.0,0.0,3.0,1,0.0,0.0,0.0,211.63,8.0,2.0,0,1,2.0,2.772588722239781,5.682150174529087,0.0,0,3.0,0.01953153618277047,-3.916000082363518,True
1237,대조,0,38.0,3.0,175.25,41907.0,0.0,0.0,0.0,2.0,0,0.0,0.0,0.0,0.0,0.0,38.0,0,0,38.0,1.3862943611198906,5.171903441692378,0.0,0,2.0,0.003142835445016665,-5.759482094036818,False
1238,대조,0,5.0,2.0,173.0,107.0,0.0,0.0,0.0,8.0,0,0.0,0.0,0.0,264.8,8.0,5.0,0,1,5.0,1.0986122886681098,5.159055299214529,0.0,0,6.0,0.0017729633325655448,-6.333328396223783,False
1239,대조,0,3.0,2.0,241.29,136.0,0.0,0.0,0.0,2.0,0,0.0,0.0,0.0,186.4,1.0,3.0,0,1,3.0,1.0986122886681098,5.490135355819337,0.0,0,2.0,0.003533287825501378,-5.641986901560912,False
1240,대조,0,3.0,47.0,2124.03,126287.0,0.0,0.0,0.0,5.0,1,0.0,0.0,0.0,1883.18,30.0,3.0,0,1,3.0,3.871201010907891,7.6615411989059234,0.0,0,5.0,0.2612005581266385,-1.0397379586957036,True
1245,대조,0,1.0,58.0,974.5,131342.0,0.0,0.0,0.0,5.0,0,0.0,0.0,0.0,416.76,24.0,1.0,0,1,1.0,4.07753744390572,6.8829501600631655,0.0,0,5.0,0.0491718128491957,-2.9620128310131792,True
1246,대조,0,2.0,20.0,778.87,46366.0,0.0,0.0,0.0,3.0,0,0.0,0.0,0.0,611.53,11.0,2.0,0,1,2.0,3.044522437723423,6.659127239126539,0.0,0,3.0,0.02978783563115789,-3.4834146638555734,True
1247,대조,0,2.0,16.0,872.35,386.0,0.0,0.0,0.0,5.0,1,0.0,0.0,0.0,644.23,13.0,2.0,0,1,2.0,2.833213344056216,6.7723363918744015,0.0,0,5.0,0.07001485563095612,-2.586461169390439,True
1248,대조,0,7.0,12.0,437.19,152.0,0.0,0.0,0.0,7.0,1,0.0,0.0,0.0,627.71,10.0,7.0,0,1,7.0,2.5649493574615367,6.082652606271123,0.0,0,6.0,0.025831052154555008,-3.630007406249797,True
1251,대조,0,5.0,2.0,24.67,6.0,2.0,19.98,0.0,1.0,0,0.0,0.0,0.0,0.0,0.0,5.0,0,0,5.0,1.0986122886681098,3.245322994883049,0.8098905553303607,0,1.0,0.6529921987630434,0.6322179207959413,False
1256,대조,0,2.0,20.0,888.3100000000001,310.0,0.0,0.0,2.0,10.0,1,0.0,0.0,0.0,428.39,13.0,2.0,0,1,2.0,3.044522437723423,6.790445881141652,0.0,1,6.0,0.031939559010867064,-3.411449188472301,True
1258,대조,0,1.0,33.0,476.94,17030.0,0.0,0.0,0.0,6.0,1,0.0,0.0,0.0,374.61,19.0,1.0,0,1,1.0,3.5263605246161616,6.169485201600231,0.0,0,6.0,0.03875184907059308,-3.2110541245958237,True
1259,대조,0,2.0,5.0,124.41,85.0,0.0,0.0,0.0,1.0,0,0.0,0.0,0.0,68.42,1.0,2.0,0,1,2.0,1.791759469228055,4.831588369835958,0.0,0,1.0,0.002010140478542464,-6.207538506008774,False
1260,대조,0,2.0,21.0,1236.46,468.0,0.0,0.0,0.0,3.0,1,0.0,0.0,0.0,814.82,11.0,2.0,0,1,2.0,3.091042453358316,7.120816170688116,0.0,0,3.0,0.12983751570752486,-1.9023961682327972,True
1261,처치,1,6.0,39.0,567.29,19551.0,39.0,80.86,0.0,5.0,1,26.27,43.0,13.0,176.32,8.0,6.0,1,1,6.0,3.6888794541139363,6.342631851808297,0.14253732658781224,0,5.0,0.2284422302268191,-1.2171281922045776,True
1263,처치,1,1.0,9.0,252.22,40480.0,3.0,31.97,0.0,7.0,1,17.189999999999998,3.0,2.0,48.88,1.0,1.0,1,1,1.0,2.302585092994046,5.534258676092107,0.1267544207437951,0,6.0,0.0453167484638341,-3.0477029242590654,True
1265,대조,0,3.0,6.0,178.36,107.0,0.0,0.0,0.0,1.0,0,0.0,0.0,0.0,39.59,2.0,3.0,0,1,3.0,1.9459101490553132,5.18939495932385,0.0,0,1.0,0.003420413746493106,-5.674567479983537,False
1266,대조,0,5.0,14.0,265.75,136.0,0.0,0.0,0.0,5.0,0,0.0,0.0,0.0,148.12,10.0,5.0,0,1,5.0,2.70805020110221,5.586311890181863,0.0,0,5.0,0.005851389521298462,-5.135207544957832,False
1269,대조,0,2.0,11.0,188.82,85.0,0.0,0.0,0.0,2.0,0,0.0,0.0,0.0,218.35,15.0,2.0,0,1,2.0,2.4849066497880004,5.246076254702346,0.0,0,2.0,0.004144508729933167,-5.4818178975347,False
1270,대조,0,4.0,12.0,756.96,337.0,7.0,55.14,0.0,4.0,1,26.66,16.0,5.0,294.01,5.0,4.0,1,1,4.0,2.5649493574615367,6.630630613801414,0.0728440076093849,0,4.0,0.12279150408516454,-1.9662568734168402,True
1271,대조,0,8.0,23.0,847.76,416.0,0.0,0.0,0.0,4.0,0,0.0,0.0,0.0,357.88,14.0,8.0,0,1,8.0,3.1780538303479458,6.743776460835899,0.0,0,4.0,0.03369169364834325,-3.356231613306801,True
1282,대조,0,3.0,23.0,632.38,363.0,0.0,0.0,0.0,6.0,0,0.0,0.0,0.0,722.77,13.0,3.0,0,1,3.0,3.1780538303479458,6.4510705579824,0.0,0,6.0,0.019752021188124483,-3.9045497545093473,True
1284,대조,0,1.0,33.0,632.85,310.0,0.0,0.0,0.0,2.0,0,0.0,0.0,0.0,281.48,19.0,1.0,0,1,1.0,3.5263605246161616,6.451812333384736,0.0,0,2.0,0.02855197619062491,-3.527061614125713,True
1285,대조,0,1.0,19.0,835.98,419.0,68.0,34.15,0.0,2.0,1,25.189999999999998,49.0,41.0,544.15,10.0,1.0,1,1,1.0,2.995732273553991,6.729800175341384,0.04085025957558793,0,2.0,0.12674887962754053,-1.9300153634759927,True
1287,대조,0,12.0,14.0,320.63,178.0,0.0,0.0,0.0,5.0,0,0.0,0.0,0.0,187.26,8.0,12.0,0,1,12.0,2.70805020110221,5.773401816536258,0.0,0,5.0,0.007786096751390966,-4.847599036876039,False
1288,대조,0,3.0,8.0,215.1,96.0,0.0,0.0,0.0,2.0,0,0.0,0.0,0.0,67.84,3.0,3.0,0,1,3.0,2.1972245773362196,5.3757412635128405,0.0,0,2.0,0.004469249846879394,-5.406055437129363,False
1289,대조,0,2.0,61.0,265.1,121.0,0.0,0.0,0.0,3.0,0,0.0,0.0,0.0,126.71,57.0,2.0,0,1,2.0,4.127134385045092,5.583872177983643,0.0,0,3.0,0.010739512577950739,-4.523027977348925,True
1291,대조,0,1.0,15.0,553.11,242.0,3.0,8.79,0.0,5.0,1,1.98,2.0,1.0,209.19,5.0,1.0,1,1,1.0,2.772588722239781,6.317363222994337,0.015891956392037748,0,5.0,0.045865473881957726,-3.035092043196868,True
1292,대조,0,17.0,2.0,28.21,17.0,0.0,0.0,0.0,1.0,0,0.0,0.0,0.0,19.89,1.0,17.0,0,1,17.0,1.0986122886681098,3.3745111163996495,0.0,0,1.0,0.0002506869866872293,-8.291054743642304,False
1293,대조,0,1.0,29.0,507.82,402.0,0.0,0.0,0.0,2.0,0,0.0,0.0,0.0,272.82,21.0,1.0,0,1,1.0,3.4011973816621555,6.232094319429467,0.0,0,2.0,0.020601953100132436,-3.8615522630986563,True
1294,대조,0,1.0,8.0,966.3,402.0,3.0,11.07,0.0,2.0,0,0.0,0.0,0.0,431.0,6.0,1.0,0,1,1.0,2.1972245773362196,6.874508685188501,0.011456069543619994,0,2.0,0.035326884521051094,-3.3071450282859884,True
1296,대조,0,2.0,12.0,355.85,174.0,0.0,0.0,0.0,4.0,1,0.0,0.0,0.0,157.78,5.0,2.0,0,1,2.0,2.5649493574615367,5.877315525417076,0.0,0,4.0,0.021933676587310998,-3.797554283667753,True
1297,대조,0,6.0,32.0,891.97,66339.0,0.0,0.0,0.0,4.0,1,0.0,0.0,0.0,593.2,30.0,6.0,0,1,6.0,3.4965075614664802,6.794552985687327,0.0,0,4.0,0.09673904040587905,-2.2339944554305817,True
1300,대조,0,5.0,19.0,897.08,51214.0,0.0,0.0,0.0,1.0,1,4.97,1.0,1.0,743.64,13.0,5.0,1,1,5.0,2.995732273553991,6.800259151193889,0.0,0,1.0,0.098882920830673,-2.209698660332296,True
1301,대조,0,81.0,1.0,20.3,4.0,0.0,0.0,0.0,4.0,0,0.0,0.0,0.0,31.34,1.0,81.0,0,1,81.0,0.6931471805599453,3.0587070727153796,0.0,0,4.0,0.00016968070829941314,-8.681422378286172,False
1304,대조,0,3.0,17.0,153.92000000000002,78.0,0.0,0.0,0.0,1.0,0,0.0,0.0,0.0,140.66,10.0,3.0,0,1,3.0,2.8903717578961645,5.0429088546465515,0.0,0,1.0,0.003929256439049819,-5.535368076013124,False
1305,대조,0,2.0,23.0,443.16,9262.0,0.0,0.0,0.0,7.0,1,0.0,0.0,0.0,103.81,4.0,2.0,0,1,2.0,3.1780538303479458,6.096184857878385,0.0,0,6.0,0.03152627740954426,-3.424899948854381,True
1306,대조,0,2.0,36.0,517.95,254.0,0.0,0.0,0.0,6.0,1,0.0,0.0,0.0,495.8,20.0,2.0,0,1,2.0,3.6109179126442243,6.251807539411298,0.0,0,6.0,0.04450214466282439,-3.0666951364516484,True
1307,대조,0,1.0,12.0,87.54,46.0,0.0,0.0,0.0,3.0,0,24.99,1.0,1.0,225.27,22.0,1.0,1,1,1.0,2.5649493574615367,4.483454427303995,0.0,0,3.0,0.0014516392503164401,-6.533609149744342,False
1312,대조,0,4.0,8.0,295.28000000000003,12834.0,3.0,9.89,0.0,6.0,0,25.02,3.0,3.0,223.87,3.0,4.0,1,1,4.0,2.1972245773362196,5.691304953145089,0.033493633161744786,0,6.0,0.007618077879066778,-4.869583944291265,False
1317,대조,0,4.0,15.0,226.73000000000002,99.0,0.0,0.0,0.0,6.0,0,0.0,0.0,0.0,83.04,6.0,4.0,0,1,4.0,2.772588722239781,5.4281607166967865,0.0,0,6.0,0.004525132945241854,-5.393572919746567,False
1318,대조,0,3.0,13.0,1039.09,353.0,0.0,0.0,3.0,3.0,1,0.0,0.0,0.0,421.4,7.0,3.0,0,1,3.0,2.6390573296152584,6.94706252685272,0.0,1,3.0,0.04138410629967117,-3.1425935653897374,True
1319,대조,0,9.0,6.0,117.96,39.0,0.0,0.0,0.0,1.0,0,0.0,0.0,0.0,76.83,2.0,9.0,0,1,9.0,1.9459101490553132,4.778787302151899,0.0,0,1.0,0.0020606727279530086,-6.182659983689245,False
1321,대조,0,2.0,34.0,307.02,186.0,0.0,0.0,0.0,4.0,1,0.0,0.0,0.0,294.96,25.0,2.0,0,1,2.0,3.5553480614894135,5.73016471593032,0.0,0,4.0,0.02550495972719367,-3.6430464970674574,True
1325,대조,0,4.0,19.0,709.17,254.0,3.0,14.97,0.0,2.0,0,0.0,0.0,0.0,450.69,10.0,4.0,0,1,4.0,2.995732273553991,6.565504377994706,0.02110918397563349,0,2.0,0.035309386792567246,-3.3076585984642493,True
1330,대조,0,4.0,9.0,163.47,88.0,0.0,0.0,0.0,3.0,0,0.0,0.0,0.0,198.05,6.0,4.0,0,1,4.0,2.302585092994046,5.102728182753178,0.0,0,3.0,0.003047702498420396,-5.790314895225097,False
1331,대조,0,13.0,3.0,126.61,62.0,0.0,0.0,0.0,4.0,0,0.0,0.0,0.0,12.99,3.0,13.0,0,1,13.0,1.3862943611198906,4.848978737745885,0.0,0,4.0,0.0015576670417271432,-6.463007181682148,False
1344,대조,0,39.0,3.0,422.57,128.0,5.0,34.75,0.0,2.0,0,94.91999999999999,8.0,4.0,301.97,2.0,39.0,1,1,39.0,1.3862943611198906,6.048718789689543,0.08223489599356319,0,2.0,0.024977707414227817,-3.6644766112936917,True
1345,대조,0,11.0,7.0,182.65,77.0,0.0,0.0,0.0,2.0,0,0.0,0.0,0.0,16.990000000000002,1.0,11.0,0,1,11.0,2.0794415416798357,5.213031772265676,0.0,0,2.0,0.003624190176766691,-5.616493641680667,False
1347,대조,0,5.0,28.0,912.29,73841.0,7.0,46.43,2.0,1.0,0,61.78999999999999,4.0,4.0,692.38,18.0,5.0,1,1,5.0,3.367295829986474,6.81705346433297,0.050893904350590276,1,1.0,0.03583785683759942,-3.29225469050734,True
1350,대조,0,6.0,15.0,655.01,344.0,0.0,0.0,0.0,3.0,0,0.0,0.0,0.0,172.13,4.0,6.0,0,1,6.0,2.772588722239781,6.486176032730341,0.0,0,3.0,0.02220981991702791,-3.7847605775451876,True
1351,대조,0,5.0,11.0,141.38,35.0,2.0,5.48,0.0,2.0,0,0.0,0.0,0.0,28.78,6.0,5.0,0,1,5.0,2.4849066497880004,4.958499539675727,0.03876078653274863,0,2.0,0.004469248033164846,-5.406055844772102,False
1356,대조,0,22.0,6.0,89.24000000000001,40.0,0.0,0.0,0.0,4.0,0,0.0,0.0,0.0,235.19,7.0,22.0,0,1,22.0,1.9459101490553132,4.502472787749749,0.0,0,4.0,0.0012643925913313132,-6.671898244464171,False
1357,대조,0,5.0,12.0,532.9,45903.0,0.0,0.0,1.0,4.0,1,0.0,0.0,0.0,85.36,5.0,5.0,0,1,5.0,2.5649493574615367,6.280208555506141,0.0,1,4.0,0.016225021705915804,-4.104842589909328,True
1363,처치,1,38.0,4.0,622.62,238.0,13.0,50.1,0.0,2.0,1,37.75,23.0,11.0,533.01,11.0,38.0,1,1,38.0,1.6094379124341003,6.435541208510255,0.08046641611255662,0,2.0,0.10471127120813321,-2.145939503752018,True
1364,대조,0,7.0,23.0,350.08,131.0,0.0,0.0,0.0,5.0,1,0.0,0.0,0.0,194.75,10.0,7.0,0,1,7.0,3.1780538303479458,5.861014117723917,0.0,0,5.0,0.025566657631560005,-3.6405670484175774,True
1366,대조,0,3.0,54.0,998.79,15480.0,1.0,8.99,0.0,6.0,0,0.0,0.0,0.0,405.44,14.0,3.0,0,1,3.0,4.007333185232471,6.907545256929049,0.009000891078204629,0,6.0,0.05179845878182968,-2.9072066803050767,True
1369,대조,0,1.0,18.0,393.38,145.0,0.0,0.0,0.0,2.0,1,0.0,0.0,0.0,538.26,17.0,1.0,0,1,1.0,2.9444389791664403,5.97731491150354,0.0,0,2.0,0.03214630791164052,-3.404783326678504,True
1370,대조,0,3.0,13.0,1215.64,526.0,0.0,0.0,0.0,6.0,1,0.0,0.0,0.0,856.63,9.0,3.0,0,1,3.0,2.6390573296152584,7.103848239860009,0.0,0,6.0,0.09302044483633844,-2.2773006027538996,True
1374,대조,0,2.0,9.0,290.58,138.0,0.0,0.0,0.0,3.0,0,0.0,0.0,0.0,132.19,3.0,2.0,0,1,2.0,2.302585092994046,5.675314410676676,0.0,0,3.0,0.006399647076274634,-5.045092221863104,False
1382,대조,0,12.0,8.0,153.91,53.0,2.0,19.98,0.0,5.0,1,0.0,0.0,0.0,32.01,4.0,12.0,0,1,12.0,2.1972245773362196,5.0428443031182715,0.12981612630758235,0,5.0,0.027386534633180082,-3.569935286731617,True
1383,대조,0,2.0,24.0,406.96,186.0,0.0,0.0,0.0,4.0,0,0.0,0.0,0.0,163.86,7.0,2.0,0,1,2.0,3.2188758248682006,6.011169130382317,0.0,0,4.0,0.012809617183755456,-4.344666679933847,True
1385,대조,0,3.0,14.0,768.0,404.0,0.0,0.0,0.0,5.0,0,0.0,0.0,0.0,216.82,5.0,3.0,0,1,3.0,2.70805020110221,6.645090969505644,0.0,0,5.0,0.023035456017028402,-3.747415765787223,True
1387,대조,0,4.0,9.0,395.93,166.0,0.0,0.0,0.0,1.0,0,0.0,0.0,0.0,184.93,4.0,4.0,0,1,4.0,2.302585092994046,5.983759942722429,0.0,0,1.0,0.011060397114058413,-4.493262360006446,True
1389,대조,0,15.0,7.0,526.17,165.0,0.0,0.0,0.0,1.0,1,0.0,0.0,0.0,451.78,3.0,15.0,0,1,15.0,2.0794415416798357,6.2675230771685735,0.0,0,1.0,0.03996290125565711,-3.1790203731003253,True
1390,대조,0,1.0,25.0,661.53,347.0,0.0,0.0,0.0,5.0,0,0.0,0.0,0.0,401.21,24.0,1.0,0,1,1.0,3.258096538021482,6.496065839854,0.0,0,5.0,0.02270775529601902,-3.762079222745908,True
1391,처치,1,1.0,23.0,897.47,136200.0,8.0,11.76,0.0,7.0,1,0.0,0.0,0.0,610.3100000000001,14.0,1.0,0,1,1.0,3.1780538303479458,6.800693316684553,0.013103502066921456,0,6.0,0.08696196311640668,-2.351306723661145,True
1392,대조,0,3.0,5.0,131.67,56.0,0.0,0.0,0.0,4.0,0,0.0,0.0,0.0,38.3,1.0,3.0,0,1,3.0,1.791759469228055,4.887864841928826,0.0,0,4.0,0.0017853134148290617,-6.326374387639885,False
1393,대조,0,1.0,34.0,1214.9,454.0,0.0,0.0,4.0,8.0,1,0.0,0.0,0.0,793.01,24.0,1.0,0,1,1.0,3.5553480614894135,7.103239822302372,0.0,1,6.0,0.05605082010769823,-2.8238135487090834,True
1394,대조,0,3.0,24.0,647.82,282.0,0.0,0.0,1.0,5.0,1,0.0,0.0,0.0,407.89,11.0,3.0,0,1,3.0,3.2188758248682006,6.475155328466655,0.0,1,5.0,0.024253967579857594,-3.6946221243265143,True
1397,대조,0,2.0,46.0,1216.3700000000001,569.0,0.0,0.0,1.0,7.0,1,0.0,0.0,0.0,605.97,31.0,2.0,0,1,2.0,3.8501476017100584,7.104448073075065,0.0,1,6.0,0.06223542433498681,-2.7125745713734073,True
1402,대조,0,5.0,13.0,64.53,36.0,0.0,0.0,0.0,2.0,1,0.0,0.0,0.0,16.98,8.0,5.0,0,1,5.0,2.6390573296152584,4.182508053051405,0.0,0,2.0,0.002839127793959966,-5.861415223019303,False
1403,대조,0,3.0,3.0,49.56,10.0,0.0,0.0,0.0,3.0,0,0.0,0.0,0.0,15.11,1.0,3.0,0,1,3.0,1.3862943611198906,3.923160749838602,0.0,0,3.0,0.0004627277426727746,-7.6779088707850836,False
1405,대조,0,11.0,7.0,471.39,199.0,1.0,4.39,0.0,2.0,0,0.0,0.0,0.0,587.3199999999999,8.0,11.0,0,1,11.0,2.0794415416798357,6.157804915597882,0.0093128831752901,0,2.0,0.013891594481456259,-4.262482349644771,True
1408,대조,0,62.0,3.0,37.97,14.0,0.0,0.0,0.0,2.0,0,0.0,0.0,0.0,18.52,3.0,62.0,0,1,62.0,1.3862943611198906,3.662792119350618,0.0,0,2.0,0.0004924363667887609,-7.61565275253618,False
1409,대조,0,1.0,12.0,618.01,229.0,0.0,0.0,0.0,3.0,0,0.0,0.0,0.0,355.14,7.0,1.0,0,1,1.0,2.5649493574615367,6.4281214276429575,0.0,0,3.0,0.018642905872911838,-3.963470712076224,True
1417,대조,0,4.0,25.0,1077.14,96003.0,5.0,32.97,3.0,1.0,0,11.99,5.0,3.0,176.04,6.0,4.0,1,1,4.0,3.258096538021482,6.9829926131664175,0.03060883450619232,1,1.0,0.03400362452789764,-3.3466929594101265,True
1418,대조,0,14.0,14.0,388.24,111.0,0.0,0.0,0.0,4.0,1,0.0,0.0,0.0,228.96,6.0,14.0,0,1,14.0,2.70805020110221,5.9641961199537885,0.0,0,4.0,0.02756800863286767,-3.5631441483574444,True
1420,대조,0,5.0,9.0,208.42000000000002,8461.0,0.0,0.0,0.0,6.0,0,0.0,0.0,0.0,0.0,0.0,5.0,0,0,5.0,2.302585092994046,5.344341804859316,0.0,0,6.0,0.0034559262413115656,-5.664202858732467,False
1423,대조,0,1.0,17.0,333.18,45081.0,0.0,0.0,0.0,3.0,1,0.0,0.0,0.0,44.3,3.0,1.0,0,1,1.0,2.8903717578961645,5.8116797699659974,0.0,0,3.0,0.023914399931250815,-3.709069502469347,True
1424,대조,0,8.0,16.0,209.8,9201.0,0.0,0.0,0.0,1.0,0,0.0,0.0,0.0,0.0,0.0,8.0,0,0,8.0,2.833213344056216,5.350909816667207,0.0,0,1.0,0.005942723941210917,-5.119627222563864,False
1426,대조,0,5.0,6.0,258.90999999999997,98.0,1.0,3.99,0.0,2.0,0,0.0,0.0,0.0,147.74,3.0,5.0,0,1,5.0,1.9459101490553132,5.560335417244302,0.015410760495925227,0,2.0,0.006275793935321667,-5.0647597088986895,False
1429,대조,0,9.0,14.0,118.7,65.0,0.0,0.0,0.0,1.0,1,0.0,0.0,0.0,108.24,9.0,9.0,0,1,9.0,2.70805020110221,4.784988612563928,0.0,0,1.0,0.007023355215215631,-4.951466089173388,False
1431,대조,0,3.0,22.0,369.53000000000003,8518.0,8.0,13.41,0.0,3.0,0,0.0,0.0,0.0,266.43,15.0,3.0,0,1,3.0,3.1354942159291497,5.914934413118033,0.036289340513625416,0,3.0,0.01766121340811181,-4.018565343164729,True
1437,대조,0,10.0,7.0,425.47,221.0,1.0,3.49,6.0,6.0,1,0.0,0.0,0.0,235.49,3.0,10.0,0,1,10.0,2.0794415416798357,6.055542024481208,0.008202693491903073,1,6.0,0.01011193110300403,-4.583875851024814,True
1438,대조,0,8.0,4.0,236.36,47.0,0.0,0.0,0.0,1.0,1,0.0,0.0,0.0,202.19,2.0,8.0,0,1,8.0,1.6094379124341003,5.469577975982566,0.0,0,1.0,0.01166335597780298,-4.439571413308753,True
1440,대조,0,4.0,14.0,409.73,18953.0,7.0,12.32,0.0,1.0,0,2.09,1.0,1.0,407.17,8.0,4.0,1,1,4.0,2.70805020110221,6.0179360643137745,0.03006858174895663,0,1.0,0.018614555294000572,-3.9650214750118944,True
1443,대조,0,12.0,19.0,275.23,61.0,0.0,0.0,0.0,2.0,1,0.0,0.0,0.0,195.07999999999998,11.0,12.0,0,1,12.0,2.995732273553991,5.621233852021042,0.0,0,2.0,0.02201177309579828,-3.793920181092408,True
1446,대조,0,11.0,5.0,164.81,93.0,0.0,0.0,0.0,4.0,0,0.0,0.0,0.0,111.55,2.0,11.0,0,1,11.0,1.791759469228055,5.110842554513281,0.0,0,4.0,0.002508466836551999,-5.98557191624626,False
1447,대조,0,1.0,9.0,166.68,12927.0,0.0,0.0,0.0,1.0,0,3.19,1.0,1.0,99.7,3.0,1.0,1,1,1.0,2.302585092994046,5.122057401132677,0.0,0,1.0,0.0035072548183308168,-5.649408230890991,False
1448,대조,0,8.0,1.0,68.11,14.0,0.0,0.0,0.0,1.0,0,0.0,0.0,0.0,0.0,0.0,8.0,0,0,8.0,0.6931471805599453,4.235699438103303,0.0,0,1.0,0.0006437065488699712,-7.34762369134848,False
1452,대조,0,2.0,57.0,421.11,10930.0,0.0,0.0,0.0,6.0,1,0.0,0.0,0.0,70.01,10.0,2.0,0,1,2.0,4.060443010546419,6.045265943576291,0.0,0,6.0,0.03987675161878003,-3.18126817206792,True
1454,대조,0,3.0,29.0,1163.18,79881.0,2.0,7.4799999999999995,0.0,3.0,1,0.0,0.0,0.0,521.07,18.0,3.0,0,1,3.0,3.4011973816621555,7.059772255511236,0.006430647019377912,0,3.0,0.1424285427935768,-1.7952640877289294,True
1456,대조,0,30.0,1.0,4.19,1.0,1.0,4.19,0.0,1.0,0,0.0,0.0,0.0,8.19,1.0,30.0,0,1,30.0,0.6931471805599453,1.6467336971777973,1.0,0,1.0,0.6618601363264567,0.6715946514410686,False
1458,대조,0,4.0,25.0,709.44,51260.0,1.0,3.99,0.0,4.0,0,9.99,1.0,1.0,478.54,11.0,4.0,1,1,4.0,3.258096538021482,6.565884496399126,0.005624154262516915,0,4.0,0.028677196503992617,-3.522556597380377,True
1459,대조,0,3.0,14.0,1050.6100000000001,404.0,0.0,0.0,0.0,6.0,0,0.0,0.0,0.0,443.05,8.0,3.0,0,1,3.0,2.70805020110221,6.958077602129646,0.0,0,6.0,0.032292735398663924,-3.4000873342643168,True
1460,대조,0,7.0,6.0,278.32,113.0,0.0,0.0,0.0,2.0,0,0.0,0.0,0.0,0.0,0.0,7.0,0,0,7.0,1.9459101490553132,5.632358077977835,0.0,0,2.0,0.005867721194346569,-5.132403928812428,False
1461,대조,0,3.0,41.0,1695.23,54107.0,7.0,32.29,0.0,4.0,1,14.32,8.0,4.0,682.64,21.0,3.0,1,1,3.0,3.7376696182833684,7.436163420364756,0.01904756286757549,0,4.0,0.2492107148255307,-1.1028262505179678,True
1462,대조,0,5.0,21.0,999.6899999999999,392.0,0.0,0.0,1.0,6.0,1,0.0,0.0,0.0,470.99,8.0,5.0,0,1,5.0,3.091042453358316,6.908445041041583,0.0,1,6.0,0.03835299339938922,-3.221814866812222,True
1463,대조,0,7.0,7.0,259.55,126.0,0.0,0.0,0.0,5.0,0,0.0,0.0,0.0,150.94,6.0,7.0,0,1,7.0,2.0794415416798357,5.562794781355223,0.0,0,5.0,0.004603772219230008,-5.376264861667272,False
1467,대조,0,1.0,165.0,725.21,65678.0,0.0,0.0,0.0,2.0,1,0.0,0.0,0.0,480.16,81.0,1.0,0,1,1.0,5.111987788356544,6.587839229196635,0.0,0,2.0,0.1377490090154023,-1.8341131471904877,True
1468,대조,0,,0.0,0.0,0.0,0.0,0.0,0.0,3.0,1,0.0,0.0,0.0,0.0,0.0,90.0,0,0,90.0,0.0,0.0,0.0,0,3.0,6.820845716669679e-06,-11.89552026755117,False
1470,대조,0,1.0,31.0,529.08,40215.0,1.0,9.99,0.0,6.0,1,0.0,0.0,0.0,271.3,15.0,1.0,0,1,1.0,3.4657359027997265,6.273027938551586,0.018881832615105464,0,6.0,0.05305358292665471,-2.881940108371999,True
1474,대조,0,4.0,17.0,401.42,227.0,2.0,11.48,0.0,1.0,1,0.0,0.0,0.0,401.26,9.0,4.0,0,1,4.0,2.8903717578961645,5.997496319339701,0.028598475412286384,0,1.0,0.04788054768467272,-2.9899811827227283,True
1475,대조,0,3.0,54.0,2608.59,173771.0,0.0,0.0,6.0,6.0,1,0.0,0.0,0.0,1530.58,27.0,3.0,0,1,3.0,4.007333185232471,7.866948399854502,0.0,1,6.0,0.16196534705775256,-1.6436770462867392,True
1476,대조,0,1.0,48.0,1348.03,191729.0,0.0,0.0,0.0,7.0,0,0.0,0.0,0.0,888.56,33.0,1.0,0,1,1.0,3.8918202981106265,7.207141094655809,0.0,0,6.0,0.0650511667806168,-2.6653176624905064,True
1479,처치,1,1.0,97.0,1881.4,58102.0,13.0,36.38,0.0,1.0,1,43.89,12.0,11.0,770.88,49.0,1.0,1,1,1.0,4.584967478670572,7.540302837413153,0.019336664186244287,0,1.0,0.3832186307231029,-0.47590895262833294,True
1483,대조,0,9.0,16.0,619.22,8117.0,1.0,6.99,2.0,4.0,1,0.0,0.0,0.0,469.35,4.0,9.0,0,1,9.0,2.833213344056216,6.430074253808448,0.011288395077678369,1,4.0,0.025050912935940764,-3.6614749798232618,True
1484,대조,0,4.0,17.0,487.61,240.0,0.0,0.0,0.0,1.0,1,0.0,0.0,0.0,318.52,14.0,4.0,0,1,4.0,2.8903717578961645,6.191564625253579,0.0,0,1.0,0.04491366922068333,-3.0570595497138715,True
1485,대조,0,17.0,5.0,72.37,18.0,0.0,0.0,0.0,3.0,1,0.0,0.0,0.0,221.4,9.0,17.0,0,1,17.0,1.791759469228055,4.295515132725903,0.0,0,3.0,0.0024534878017227974,-6.007788171697775,False
1488,대조,0,17.0,12.0,630.84,31179.0,6.0,27.64,2.0,4.0,1,11.77,3.0,3.0,406.20000000000005,7.0,17.0,1,1,17.0,2.5649493574615367,6.448636197538339,0.04381459641113436,1,4.0,0.034980437680472015,-3.3173593911488126,True
1490,대조,0,3.0,32.0,642.69,237.0,0.0,0.0,0.0,6.0,0,0.0,0.0,0.0,336.16,8.0,3.0,0,1,3.0,3.4965075614664802,6.467217243750699,0.0,0,6.0,0.022510712459518578,-3.7709960275433647,True
1491,대조,0,1.0,32.0,867.19,389.0,6.0,12.0,0.0,6.0,1,5.58,3.0,3.0,470.53000000000003,23.0,1.0,1,1,1.0,3.4965075614664802,6.766410584715769,0.013837797945087004,0,6.0,0.09312226334406086,-2.276094351952514,True
1492,대조,0,7.0,14.0,142.58,85.0,0.0,0.0,0.0,3.0,1,0.0,0.0,0.0,113.41,8.0,7.0,0,1,7.0,2.70805020110221,4.9668923711483375,0.0,0,3.0,0.007727337591717606,-4.855233552937105,False
1493,대조,0,10.0,3.0,62.41,44.0,0.0,0.0,0.0,1.0,0,0.0,0.0,0.0,49.260000000000005,2.0,10.0,0,1,10.0,1.3862943611198906,4.14962157771194,0.0,0,1.0,0.0007418542652637297,-7.205615612512528,False
1494,대조,0,3.0,17.0,337.71,203.0,0.0,0.0,2.0,4.0,1,0.0,0.0,0.0,146.25,5.0,3.0,0,1,3.0,2.8903717578961645,5.8251442840409675,0.0,1,4.0,0.009921022687051096,-4.603128705574611,True
1495,대조,0,6.0,21.0,283.03,170.0,0.0,0.0,0.0,1.0,0,0.0,0.0,0.0,152.33,11.0,6.0,0,1,6.0,3.091042453358316,5.649079866385166,0.0,0,1.0,0.009506467549655206,-4.64623097486516,True
1499,대조,0,18.0,12.0,323.47,135.0,0.0,0.0,0.0,1.0,1,0.0,0.0,0.0,195.68,6.0,18.0,0,1,18.0,2.5649493574615367,5.782193081947429,0.0,0,1.0,0.02577894567313304,-3.632080133464038,True
1502,대조,0,2.0,4.0,70.64,23.0,0.0,0.0,0.0,4.0,0,0.0,0.0,0.0,169.03,1.0,2.0,0,1,2.0,1.6094379124341003,4.271653577192511,0.0,0,4.0,0.0007380294993632712,-7.210788460148502,False
1505,대조,0,3.0,21.0,609.54,303.0,0.0,0.0,2.0,5.0,1,0.0,0.0,0.0,0.0,0.0,3.0,0,0,3.0,3.091042453358316,6.414343811469934,0.0,1,5.0,0.021456504020735477,-3.8200374203760763,True
1508,대조,0,4.0,10.0,196.72,62.0,0.0,0.0,0.0,2.0,0,0.0,0.0,0.0,88.7,4.0,4.0,0,1,4.0,2.3978952727983707,5.2868518884387585,0.0,0,2.0,0.004290463581998104,-5.447060796776295,False
1511,대조,0,4.0,21.0,779.96,357.0,4.0,33.86,1.0,4.0,0,0.0,0.0,0.0,228.16,10.0,4.0,0,1,4.0,3.091042453358316,6.660523932138838,0.04341248269142007,1,4.0,0.020117192921213365,-3.8858581612404675,True
1512,대조,0,4.0,14.0,229.81,89581.0,0.0,0.0,0.0,1.0,0,0.0,0.0,0.0,150.53,6.0,4.0,0,1,4.0,2.70805020110221,5.441594861251659,0.0,0,1.0,0.006262259175045282,-5.066932319026696,False
1517,대조,0,1.0,22.0,795.95,431.0,0.0,0.0,0.0,5.0,1,16.99,1.0,1.0,319.75,8.0,1.0,1,1,1.0,3.1354942159291497,6.680791941565062,0.0,0,5.0,0.06870858996166619,-2.6066980086163034,True
1518,대조,0,4.0,3.0,211.67,64.0,0.0,0.0,0.0,1.0,0,0.0,0.0,0.0,19.84,1.0,4.0,0,1,4.0,1.3862943611198906,5.359741668535036,0.0,0,1.0,0.0035372572083500697,-5.640860123955317,False
1524,대조,0,38.0,5.0,227.47,21153.0,3.0,7.48,0.0,1.0,1,0.0,0.0,0.0,459.68,9.0,38.0,0,1,38.0,1.791759469228055,5.431404910686392,0.03288345715918583,0,1.0,0.020216588928541262,-3.880828036662594,True
1526,대조,0,1.0,25.0,347.7,182.0,9.0,26.83,0.0,3.0,0,10.100000000000001,7.0,4.0,191.26,17.0,1.0,1,1,1.0,3.258096538021482,5.854211953681605,0.07716422203048605,0,3.0,0.026476056413448266,-3.604681626879982,True
1530,대조,0,23.0,8.0,105.43,38.0,0.0,0.0,0.0,1.0,0,0.0,0.0,0.0,91.42,5.0,23.0,0,1,23.0,2.1972245773362196,4.667487492052953,0.0,0,1.0,0.0021067208496550137,-6.160513696941588,False
1532,대조,0,6.0,4.0,129.7,51.0,0.0,0.0,0.0,2.0,0,0.0,0.0,0.0,59.67,1.0,6.0,0,1,6.0,1.6094379124341003,4.872904620630176,0.0,0,2.0,0.0019067434231394582,-6.2604499426050495,False
1537,대조,0,8.0,22.0,278.77,5581.0,0.0,0.0,0.0,4.0,1,0.0,0.0,0.0,155.99,4.0,8.0,0,1,8.0,3.1354942159291497,5.633967837040506,0.0,0,4.0,0.02016280049484902,-3.8835470879201823,True
1542,대조,0,18.0,8.0,194.53,65.0,0.0,0.0,0.0,4.0,0,0.0,0.0,0.0,139.08,6.0,18.0,0,1,18.0,2.1972245773362196,5.275713820338184,0.0,0,4.0,0.003741745174756955,-5.5844543891096965,False
1544,대조,0,6.0,3.0,96.44999999999999,41839.0,0.0,0.0,0.0,4.0,0,0.0,0.0,0.0,15.53,1.0,6.0,0,1,6.0,1.3862943611198906,4.579339425953569,0.0,0,4.0,0.0010481124033223368,-6.859715781698909,False
1547,대조,0,1.0,58.0,549.6899999999999,69234.0,0.0,0.0,0.0,2.0,0,0.0,0.0,0.0,394.92,48.0,1.0,0,1,1.0,4.07753744390572,6.311172037396465,0.0,0,2.0,0.028784309966494323,-3.518718129622758,True
1548,대조,0,2.0,18.0,645.02,303.0,5.0,49.95,0.0,5.0,0,19.98,2.0,2.0,415.79,14.0,2.0,1,1,2.0,2.9444389791664403,6.47083046305568,0.07743945924157392,0,5.0,0.04635180864024689,-3.024034518660424,True
1549,대조,0,6.0,29.0,258.47,7282.0,0.0,0.0,0.0,5.0,1,0.0,0.0,0.0,173.38,14.0,6.0,0,1,6.0,3.4011973816621555,5.55864108898653,0.0,0,5.0,0.018572469778952726,-3.967327810401162,True
1551,대조,0,,0.0,0.0,0.0,0.0,0.0,0.0,1.0,0,0.0,0.0,0.0,27.15,1.0,90.0,0,1,90.0,0.0,0.0,0.0,0,1.0,2.998750752517713e-06,-12.717311773093492,False
1555,대조,0,11.0,8.0,90.03,27.0,0.0,0.0,0.0,3.0,0,3.58,2.0,1.0,71.28,3.0,11.0,1,1,11.0,2.1972245773362196,4.511189122517197,0.0,0,3.0,0.001401380580112457,-6.568895036182393,False
1556,대조,0,2.0,20.0,677.38,423.0,16.0,36.58,0.0,5.0,1,23.79,38.0,9.0,195.72,7.0,2.0,1,1,2.0,3.044522437723423,6.519707602911041,0.054002184888836395,0,5.0,0.0966599925069528,-2.2348994246497225,True
1557,대조,0,9.0,18.0,583.49,106251.0,0.0,0.0,0.0,7.0,1,0.0,0.0,0.0,335.69,12.0,9.0,0,1,9.0,2.9444389791664403,6.3707396721259055,0.0,0,6.0,0.04294199107097432,-3.10401384495448,True
1558,대조,0,2.0,24.0,805.09,269.0,10.0,40.1,0.0,6.0,0,27.54,6.0,6.0,218.03,11.0,2.0,1,1,2.0,3.2188758248682006,6.692195398803849,0.04980809598926828,0,6.0,0.0468100319663091,-3.01371668244904,True
1563,대조,0,10.0,13.0,844.93,249.0,1.0,0.99,0.0,3.0,1,0.0,0.0,0.0,788.9,11.0,10.0,0,1,10.0,2.6390573296152584,6.740436613866104,0.0011716946966020855,0,3.0,0.07550694550281417,-2.5050208926477406,True
1567,대조,0,6.0,28.0,199.61,106.0,0.0,0.0,0.0,2.0,1,0.0,0.0,0.0,125.96000000000001,15.0,6.0,0,1,6.0,3.367295829986474,5.3013627247339965,0.0,0,2.0,0.015979731184959302,-4.120325377000244,True
1568,대조,0,11.0,12.0,822.33,420.0,0.0,0.0,0.0,5.0,1,6.880000000000001,2.0,2.0,441.45,9.0,11.0,1,1,11.0,2.5649493574615367,6.713357092362722,0.0,0,5.0,0.06255759779949928,-2.707067621150176,True
1569,대조,0,6.0,6.0,89.53,48.0,0.0,0.0,0.0,2.0,0,0.0,0.0,0.0,71.56,5.0,6.0,0,1,6.0,1.9459101490553132,4.505681287487349,0.0,0,2.0,0.0013220854299884222,-6.627221957708133,False
1572,대조,0,17.0,6.0,324.4,127.0,3.0,24.779999999999998,0.0,1.0,1,9.0,4.0,2.0,819.17,13.0,17.0,1,1,17.0,1.9459101490553132,5.785055194784937,0.07638717632552404,0,1.0,0.04797364957552563,-2.9879408204319216,True
1575,대조,0,6.0,7.0,222.58,137.0,2.0,9.68,0.0,1.0,0,0.0,0.0,0.0,238.4,9.0,6.0,0,1,6.0,2.0794415416798357,5.40976929184218,0.043489981130380086,0,1.0,0.007947482069657598,-4.826920889643732,False
1578,대조,0,8.0,11.0,509.63,234.0,14.0,45.75,0.0,2.0,1,13.98,2.0,2.0,222.47,6.0,8.0,1,1,8.0,2.4849066497880004,6.235645257487992,0.08977101034083551,0,2.0,0.10254423631703083,-2.1692695514702436,True
1580,대조,0,2.0,52.0,459.52,9028.0,0.0,0.0,0.0,2.0,1,0.0,0.0,0.0,230.04,24.0,2.0,0,1,2.0,3.970291913552122,6.132356285805463,0.0,0,2.0,0.05558608979607504,-2.832631547815648,True
1581,대조,0,20.0,6.0,299.99,147.0,0.0,0.0,1.0,2.0,0,0.0,0.0,0.0,231.41,6.0,20.0,0,1,20.0,1.9459101490553132,5.707077041605631,0.0,1,2.0,0.0029712883051967068,-5.8157839360803605,False
1582,대조,0,57.0,5.0,90.13,43.0,0.0,0.0,0.0,5.0,0,0.0,0.0,0.0,0.0,0.0,57.0,0,0,57.0,1.791759469228055,4.5122870585080355,0.0,0,5.0,0.001388903763082421,-6.577850633464168,False
1584,대조,0,1.0,25.0,946.39,13567.0,6.0,54.53,0.0,5.0,0,39.07,22.0,11.0,802.01,30.0,1.0,1,1,1.0,3.258096538021482,6.853710835230229,0.05761895201766714,0,5.0,0.06676379187642696,-2.6374974435465632,True
1585,대조,0,1.0,25.0,1853.19,80095.0,14.0,167.69,0.0,7.0,1,57.98,2.0,2.0,1089.99,13.0,1.0,1,1,1.0,3.258096538021482,7.525203221996867,0.09048721393920753,0,6.0,0.37988442849018544,-0.4900387954190606,True
1586,대조,0,4.0,5.0,284.81,65.0,0.0,0.0,0.0,5.0,0,0.0,0.0,0.0,105.33,4.0,4.0,0,1,4.0,1.791759469228055,5.655327254386798,0.0,0,5.0,0.004620451098429231,-5.372631779925377,False
1587,대조,0,9.0,7.0,77.64,39.0,4.0,24.04,0.0,1.0,0,3.49,1.0,1.0,92.93,9.0,9.0,1,1,9.0,2.0794415416798357,4.364880475838911,0.30963420917053064,0,1.0,0.039947876703684146,-3.179412056132403,True
1588,대조,0,6.0,16.0,534.53,25778.0,0.0,0.0,0.0,4.0,1,0.0,0.0,0.0,406.92,13.0,6.0,0,1,6.0,2.833213344056216,6.28325691072757,0.0,0,4.0,0.04134950205827722,-3.1434661849082706,True
1592,대조,0,11.0,15.0,873.75,64793.0,2.0,18.28,0.0,1.0,0,0.0,0.0,0.0,196.56,5.0,11.0,0,1,11.0,2.772588722239781,6.773938131247798,0.02092131616595136,0,1.0,0.047143385773595295,-3.0062707163476823,True
1593,대조,0,7.0,4.0,127.03,16993.0,0.0,0.0,0.0,1.0,0,0.0,0.0,0.0,139.26,3.0,7.0,0,1,7.0,1.6094379124341003,4.852264611458088,0.0,0,1.0,0.0019939541883457696,-6.21563963769627,False
1594,대조,0,1.0,24.0,418.9,21278.0,0.0,0.0,0.0,1.0,0,0.0,0.0,0.0,528.78,19.0,1.0,0,1,1.0,3.2188758248682006,6.040016587690148,0.0,0,1.0,0.016090132466776323,-4.113328100987491,True
1595,대조,0,11.0,12.0,450.84,40785.0,0.0,0.0,0.0,3.0,1,22.48,2.0,2.0,449.38,12.0,11.0,1,1,11.0,2.5649493574615367,6.1133281348648225,0.0,0,3.0,0.03332882994342432,-3.3674355994791654,True
1601,대조,0,,0.0,0.0,0.0,0.0,0.0,0.0,2.0,0,0.0,0.0,0.0,19.03,3.0,90.0,0,1,90.0,0.0,0.0,0.0,0,2.0,2.8063103242071947e-06,-12.7836371829959,False
1602,대조,0,3.0,20.0,885.94,329.0,9.0,24.01,4.0,8.0,0,11.97,3.0,3.0,329.61,10.0,3.0,1,1,3.0,3.044522437723423,6.787777336278684,0.027101158091970112,1,6.0,0.0170061132659595,-4.057030017844852,True
1604,대조,0,5.0,27.0,129.68,70.0,7.0,16.73,0.0,3.0,1,11.530000000000001,3.0,3.0,159.74,19.0,5.0,1,1,5.0,3.332204510175204,4.8727515867328695,0.1290098704503393,0,3.0,0.03517478622264032,-3.311617433869337,True
1605,대조,0,1.0,7.0,120.61,52.0,3.0,5.970000000000001,0.0,1.0,0,0.0,0.0,0.0,31.22,1.0,1.0,0,1,1.0,2.0794415416798357,4.800819202992908,0.04949838321863859,0,1.0,0.0037116220740063058,-5.592567753966137,False
1607,대조,0,6.0,13.0,274.01,105.0,0.0,0.0,0.0,5.0,0,0.0,0.0,0.0,409.95,15.0,6.0,0,1,6.0,2.6390573296152584,5.616807460641794,0.0,0,5.0,0.005979319928477934,-5.1134511741804385,False
1609,대조,0,1.0,61.0,4014.78,303460.0,0.0,0.0,4.0,3.0,1,0.0,0.0,0.0,1872.21,30.0,1.0,0,1,1.0,4.127134385045092,8.297986878994545,0.0,1,3.0,0.30062192230149487,-0.8443380765567259,True
1613,대조,0,1.0,18.0,1009.27,507.0,0.0,0.0,0.0,7.0,0,0.0,0.0,0.0,524.33,8.0,1.0,0,1,1.0,2.9444389791664403,6.917972900842554,0.0,0,6.0,0.03288434086311822,-3.3813215115822377,True
1615,대조,0,17.0,4.0,21.45,17.0,1.0,1.0,0.0,1.0,0,0.0,0.0,0.0,6.32,1.0,17.0,0,1,17.0,1.6094379124341003,3.1112906141882632,0.046620046620046623,0,1.0,0.0003591279148434312,-7.931472731766093,False
1617,대조,0,9.0,6.0,237.46,132.0,0.0,0.0,0.0,8.0,0,0.0,0.0,0.0,147.29,1.0,9.0,0,1,9.0,1.9459101490553132,5.474201581377986,0.0,0,6.0,0.003701887379154249,-5.595203730594365,False
1618,대조,0,8.0,16.0,791.9,64061.0,1.0,11.69,7.0,5.0,1,0.0,0.0,0.0,319.59000000000003,6.0,8.0,0,1,8.0,2.833213344056216,6.675697110278353,0.014761964894557394,1,5.0,0.03325788216149595,-3.3696399807000907,True
1619,대조,0,3.0,26.0,593.96,66128.0,0.0,0.0,0.0,3.0,0,0.0,0.0,0.0,570.13,26.0,3.0,0,1,3.0,3.295836866004329,6.388494176395045,0.0,0,3.0,0.023049918146723716,-3.7467733391269507,True
1621,대조,0,1.0,32.0,765.72,10146.0,3.0,8.78,0.0,2.0,0,0.0,0.0,0.0,461.89,14.0,1.0,0,1,1.0,3.4965075614664802,6.642121676046975,0.011466332340803426,0,2.0,0.040842562915212675,-3.1563304830287287,True
1622,대조,0,5.0,13.0,645.5500000000001,7433.0,20.0,88.18,0.0,3.0,0,32.14,15.0,6.0,305.36,6.0,5.0,1,1,5.0,2.6390573296152584,6.471650534741861,0.136596700487956,0,3.0,0.09019085649799173,-2.3113067923700936,True
1624,대조,0,2.0,20.0,279.86,125.0,0.0,0.0,0.0,1.0,0,0.0,0.0,0.0,94.43,5.0,2.0,0,1,2.0,3.044522437723423,5.637856324540034,0.0,0,1.0,0.009008740657881658,-4.700510424001839,False
1627,처치,1,5.0,34.0,1059.91,59660.0,28.0,131.04,0.0,1.0,1,68.83,20.0,12.0,451.32,10.0,5.0,1,1,5.0,3.5553480614894135,6.966882309379893,0.12363313866271664,0,1.0,0.4028761354284426,-0.3934954117701627,True
1632,대조,0,1.0,5.0,171.04,9176.0,0.0,0.0,0.0,1.0,0,0.0,0.0,0.0,35.980000000000004,2.0,1.0,0,1,1.0,1.791759469228055,5.1477270079155355,0.0,0,1.0,0.0030320420227027984,-5.7954823035928165,False
1634,대조,0,4.0,11.0,505.64,270.0,16.0,33.54,0.0,4.0,1,34.04,15.0,13.0,528.41,8.0,4.0,1,1,4.0,2.4849066497880004,6.227800692208175,0.06633177754924452,0,4.0,0.069103976105951,-2.6005353184151665,True
1639,대조,0,1.0,16.0,367.79,129.0,0.0,0.0,0.0,4.0,0,0.0,0.0,0.0,361.19,10.0,1.0,0,1,1.0,2.833213344056216,5.910227376347359,0.0,0,4.0,0.009759233098635045,-4.619734291072622,True
1640,대조,0,14.0,10.0,282.39,102.0,0.0,0.0,0.0,5.0,0,6.98,4.0,3.0,212.98000000000002,10.0,14.0,1,1,14.0,2.3978952727983707,5.6468240408189185,0.0,0,5.0,0.005984076852767127,-5.112651142158737,False
1642,대조,0,7.0,14.0,235.20000000000002,110.0,0.0,0.0,0.0,7.0,0,0.0,0.0,0.0,221.78,9.0,7.0,0,1,7.0,2.70805020110221,5.464678903763262,0.0,0,6.0,0.004722137515313279,-5.350760396452091,False
1646,대조,0,88.0,1.0,122.24,36.0,0.0,0.0,0.0,1.0,0,0.0,0.0,0.0,15.41,2.0,88.0,0,1,88.0,0.6931471805599453,4.814133673728467,0.0,0,1.0,0.0021891066465548966,-6.122070236081739,False
1651,대조,0,4.0,17.0,561.35,160.0,0.0,0.0,7.0,1.0,0,5.86,2.0,2.0,164.86,6.0,4.0,1,1,4.0,2.8903717578961645,6.332124431850031,0.0,1,1.0,0.009168334097299795,-4.682789056052637,False
1660,대조,0,1.0,10.0,318.49,154.0,0.0,0.0,0.0,1.0,0,0.0,0.0,0.0,123.29,6.0,1.0,0,1,1.0,2.3978952727983707,5.76672597442323,0.0,0,1.0,0.008460859245371419,-4.763807689376457,False
1663,대조,0,7.0,33.0,342.41,107147.0,0.0,0.0,0.0,2.0,0,0.0,0.0,0.0,263.45,29.0,7.0,0,1,7.0,3.5263605246161616,5.838925068598495,0.0,0,2.0,0.01335402081100172,-4.302493767547951,True
1666,대조,0,62.0,7.0,74.68,29.0,0.0,0.0,0.0,1.0,0,0.0,0.0,0.0,15.96,2.0,62.0,0,1,62.0,2.0794415416798357,4.326513924743623,0.0,0,1.0,0.0016132575704504858,-6.4278852482172635,False
1667,대조,0,17.0,4.0,44.58,30.0,0.0,0.0,0.0,1.0,0,0.0,0.0,0.0,99.97999999999999,2.0,17.0,0,1,17.0,1.6094379124341003,3.819469023817538,0.0,0,1.0,0.0005402256588581409,-7.522983247288665,False
1668,대조,0,12.0,18.0,411.84,6784.0,0.0,0.0,0.0,2.0,0,0.0,0.0,0.0,110.24000000000001,4.0,12.0,0,1,12.0,2.9444389791664403,6.023060108697733,0.0,0,2.0,0.014267941214811763,-4.235369424603036,True
1671,대조,0,3.0,3.0,217.2,100.0,0.0,0.0,0.0,2.0,0,0.0,0.0,0.0,29.2,1.0,3.0,0,1,3.0,1.3862943611198906,5.38541207339897,0.0,0,2.0,0.003405262806850447,-5.679022085820253,False
1672,대조,0,4.0,12.0,252.39000000000001,192.0,0.0,0.0,0.0,2.0,0,0.0,0.0,0.0,169.36,6.0,4.0,0,1,4.0,2.5649493574615367,5.53492980380921,0.0,0,2.0,0.006303494960406228,-5.0603275979153715,False
1673,대조,0,3.0,10.0,338.6,7199.0,0.0,0.0,0.0,5.0,0,0.0,0.0,0.0,250.79,9.0,3.0,0,1,3.0,2.3978952727983707,5.827768454437193,0.0,0,5.0,0.007125625561229913,-4.936906624534713,False
1675,대조,0,26.0,8.0,358.01,31227.0,0.0,0.0,1.0,8.0,0,0.0,0.0,0.0,0.0,0.0,26.0,0,0,26.0,2.1972245773362196,5.883350243253535,0.0,1,6.0,0.003252801805573384,-5.7249804563417745,False
1678,대조,0,1.0,4.0,61.04,26.0,0.0,0.0,0.0,4.0,1,0.0,0.0,0.0,130.87,3.0,1.0,0,1,1.0,1.6094379124341003,4.127779338308338,0.0,0,4.0,0.0015744734146358119,-6.452258688321898,False
1681,대조,0,15.0,13.0,357.75,27721.0,0.0,0.0,0.0,2.0,0,0.0,0.0,0.0,0.0,0.0,15.0,0,0,15.0,2.6390573296152584,5.882625767073831,0.0,0,2.0,0.01086494378027294,-4.5112894413543,True
1683,대조,0,17.0,10.0,299.99,126.0,0.0,0.0,0.0,4.0,0,0.0,0.0,0.0,150.49,3.0,17.0,0,1,17.0,2.3978952727983707,5.707077041605631,0.0,0,4.0,0.0070377579462368505,-4.949402993306616,False
1685,대조,0,13.0,9.0,200.36,64.0,2.0,11.56,0.0,2.0,0,74.37,18.0,5.0,561.45,13.0,13.0,1,1,13.0,2.302585092994046,5.30509435082706,0.05769614693551607,0,2.0,0.008561468756361473,-4.751885191196114,False
1686,대조,0,3.0,22.0,232.35,140.0,2.0,11.68,0.0,1.0,1,26.86,4.0,4.0,177.54,11.0,3.0,1,1,3.0,3.1354942159291497,5.4525394723958245,0.05026899074671831,0,1.0,0.03278587337344901,-3.384422172104491,True
1687,대조,0,9.0,11.0,451.84,198.0,0.0,0.0,2.0,6.0,0,2.0,1.0,1.0,150.13,5.0,9.0,1,1,9.0,2.4849066497880004,6.115538862209909,0.0,1,6.0,0.004430864846578859,-5.414719778796301,False
1689,대조,0,11.0,17.0,456.55,9872.0,0.0,0.0,0.0,2.0,1,0.0,0.0,0.0,115.86,5.0,11.0,0,1,11.0,2.8903717578961645,6.125886168361387,0.0,0,2.0,0.04031645874521897,-3.1698437944245774,True
1692,대조,0,5.0,32.0,458.52,63467.0,0.0,0.0,0.0,3.0,1,0.0,0.0,0.0,185.32,20.0,5.0,0,1,5.0,3.4965075614664802,6.130182466419805,0.0,0,3.0,0.04515330633646081,-3.051487290173898,True
1695,대조,0,4.0,16.0,54.1,52.0,7.0,10.66,0.0,1.0,1,1.12,2.0,2.0,56.2,10.0,4.0,1,1,4.0,2.833213344056216,4.009149716158869,0.19704251386321625,0,1.0,0.023380420137525008,-3.732198274599388,True
1696,대조,0,26.0,8.0,273.56,95.0,0.0,0.0,0.0,5.0,1,0.0,0.0,0.0,105.18,3.0,26.0,0,1,26.0,2.1972245773362196,5.6151698162995975,0.0,0,5.0,0.01475085765967924,-4.201593318060864,True
1705,대조,0,7.0,32.0,307.76,208.0,0.0,0.0,0.0,7.0,0,0.0,0.0,0.0,195.65,22.0,7.0,0,1,7.0,3.4965075614664802,5.732564276081653,0.0,0,6.0,0.008846173315548449,-4.7188847741943905,False
1708,대조,0,10.0,11.0,628.88,263.0,0.0,0.0,0.0,3.0,1,0.0,0.0,0.0,296.71,5.0,10.0,0,1,10.0,2.4849066497880004,6.445529325052209,0.0,0,3.0,0.049155804892468506,-2.9623552711642556,True
1709,대조,0,24.0,4.0,156.88,84.0,0.0,0.0,0.0,1.0,1,0.0,0.0,0.0,215.73,6.0,24.0,0,1,24.0,1.6094379124341003,5.061835250794647,0.0,0,1.0,0.007493161096668412,-4.886243152347145,False
1716,대조,0,2.0,17.0,228.71,111.0,0.0,0.0,0.0,4.0,0,0.0,0.0,0.0,81.68,9.0,2.0,0,1,2.0,2.8903717578961645,5.436817643793142,0.0,0,4.0,0.005380898888663539,-5.219504411018902,False
1717,대조,0,1.0,20.0,491.28,15300.0,0.0,0.0,2.0,1.0,0,0.0,0.0,0.0,194.84,10.0,1.0,0,1,1.0,3.044522437723423,6.199047660304136,0.0,1,1.0,0.00798922648552124,-4.821640022854546,False
1722,대조,0,3.0,21.0,894.8,33991.0,9.0,27.270000000000003,1.0,6.0,1,12.67,13.0,6.0,528.11,16.0,3.0,1,1,3.0,3.091042453358316,6.7977171737732,0.030476084041126512,1,6.0,0.04587500062915977,-3.0348743693698355,True
1723,대조,0,5.0,15.0,619.44,137.0,0.0,0.0,0.0,3.0,0,0.0,0.0,0.0,139.47,2.0,5.0,0,1,5.0,2.772588722239781,6.4304289037565505,0.0,0,3.0,0.020548569392982087,-3.8642013276454965,True
1729,대조,0,12.0,7.0,147.44,57.0,0.0,0.0,0.0,6.0,0,49.519999999999996,8.0,5.0,127.39,3.0,12.0,1,1,12.0,2.0794415416798357,5.0001808361923965,0.0,0,6.0,0.0021133972467278273,-6.157342923105127,False
1731,대조,0,5.0,13.0,770.2,28356.0,0.0,0.0,0.0,5.0,0,0.0,0.0,0.0,764.47,13.0,5.0,0,1,5.0,2.6390573296152584,6.647947743296336,0.0,0,5.0,0.02283358845287718,-3.7564243369988755,True
1733,대조,0,5.0,7.0,405.26,117.0,0.0,0.0,0.0,2.0,0,0.0,0.0,0.0,265.81,7.0,5.0,0,1,5.0,2.0794415416798357,6.006993348725609,0.0,0,2.0,0.00993459906498056,-4.60174748312247,True
1735,대조,0,3.0,26.0,1131.5,20811.0,10.0,70.9,0.0,2.0,0,16.98,2.0,2.0,628.88,13.0,3.0,1,1,3.0,3.295836866004329,7.032182857357189,0.06266018559434379,0,2.0,0.1070930716738685,-2.1207840667380156,True
1742,대조,0,1.0,35.0,283.45,123.0,25.0,28.34,0.0,3.0,0,8.25,15.0,9.0,64.0,10.0,1.0,1,1,1.0,3.58351893845611,5.650557491196657,0.09998236020462163,0,3.0,0.029283716340312422,-3.501002630519798,True
1744,대조,0,11.0,8.0,188.09,69.0,0.0,0.0,0.0,1.0,0,0.0,0.0,0.0,37.72,4.0,11.0,0,1,11.0,2.1972245773362196,5.242223092193129,0.0,0,1.0,0.004193218310123489,-5.470084712268271,False
1745,대조,0,24.0,2.0,43.82,23.0,0.0,0.0,0.0,6.0,1,0.0,0.0,0.0,194.23000000000002,7.0,24.0,0,1,24.0,1.0986122886681098,3.802654468372781,0.0,0,6.0,0.0008562885384552943,-7.062046505622839,False
1746,대조,0,5.0,7.0,360.72,176.0,0.0,0.0,0.0,2.0,0,0.0,0.0,0.0,0.0,0.0,5.0,0,0,5.0,2.0794415416798357,5.89087043187228,0.0,0,2.0,0.008533212879311664,-4.75521950277769,False
1747,대조,0,1.0,14.0,456.35,38355.0,1.0,2.99,0.0,4.0,0,15.77,3.0,3.0,225.71,6.0,1.0,1,1,1.0,2.70805020110221,6.125448962102373,0.006551988605237208,0,4.0,0.013317568845152887,-4.305264106723229,True
1751,대조,0,6.0,15.0,541.7,312.0,0.0,0.0,1.0,5.0,1,0.0,0.0,0.0,260.69,8.0,6.0,0,1,6.0,2.772588722239781,6.296556681069359,0.0,1,5.0,0.016780212406546223,-4.070632324479441,True
1752,대조,0,1.0,20.0,746.66,4892.0,0.0,0.0,0.0,9.0,0,0.0,0.0,0.0,550.85,11.0,1.0,0,1,1.0,3.044522437723423,6.616948329182831,0.0,0,6.0,0.02311472359590833,-3.7438994212035124,True
1756,대조,0,,0.0,0.0,0.0,0.0,0.0,0.0,5.0,0,0.0,0.0,0.0,166.9,7.0,90.0,0,1,90.0,0.0,0.0,0.0,0,5.0,2.2999671616537707e-06,-12.982613412703127,False
1761,대조,0,6.0,6.0,200.51,79.0,0.0,0.0,0.0,1.0,0,0.0,0.0,0.0,417.89,6.0,6.0,0,1,6.0,1.9459101490553132,5.305839007946883,0.0,0,1.0,0.0040564566359369844,-5.503380729832009,False
1763,대조,0,2.0,30.0,764.82,251.0,0.0,0.0,0.0,7.0,0,0.0,0.0,0.0,350.51,9.0,2.0,0,1,2.0,3.4339872044851463,6.640947155181664,0.0,0,6.0,0.027406595980093096,-3.569182402521358,True
1768,대조,0,2.0,10.0,289.45,131.0,0.0,0.0,0.0,1.0,0,0.0,0.0,0.0,251.35,8.0,2.0,0,1,2.0,2.3978952727983707,5.671431444438541,0.0,0,1.0,0.007509945648894312,-4.88398876312089,False
1769,대조,0,3.0,21.0,1019.86,252.0,0.0,0.0,0.0,6.0,0,0.0,0.0,0.0,625.67,8.0,3.0,0,1,3.0,3.091042453358316,6.928400688292667,0.0,0,6.0,0.035422117315793464,-3.304354170393368,True
1772,대조,0,38.0,1.0,76.38,28.0,0.0,0.0,0.0,4.0,0,0.0,0.0,0.0,0.0,0.0,38.0,0,0,38.0,0.6931471805599453,4.348728349272367,0.0,0,4.0,0.0007281217283521424,-7.224313927532858,False
1773,대조,0,2.0,9.0,354.91,95.0,0.0,0.0,0.0,3.0,0,0.0,0.0,0.0,289.83,7.0,2.0,0,1,2.0,2.302585092994046,5.874677889901688,0.0,0,3.0,0.008312838021933189,-4.7816066271910405,False
1774,대조,0,6.0,8.0,908.75,350.0,2.0,20.88,0.0,4.0,0,26.98,2.0,2.0,748.79,5.0,6.0,1,1,6.0,2.1972245773362196,6.8131698364922695,0.022976616231086655,0,4.0,0.033514060001214964,-3.361701698895793,True
1776,대조,0,4.0,6.0,92.51,77.0,0.0,0.0,0.0,6.0,0,0.0,0.0,0.0,197.53,8.0,4.0,0,1,4.0,1.9459101490553132,4.5380683824473556,0.0,0,6.0,0.00104651086076641,-6.86124657911548,False
1777,대조,0,13.0,9.0,91.93,36.0,0.0,0.0,0.0,2.0,0,0.0,0.0,0.0,22.46,3.0,13.0,0,1,13.0,2.302585092994046,4.531846521569248,0.0,0,2.0,0.0016153043395238497,-6.42661528418537,False
1778,대조,0,4.0,26.0,1124.71,160432.0,0.0,0.0,7.0,8.0,1,0.0,0.0,0.0,567.52,12.0,4.0,0,1,4.0,3.295836866004329,7.026169226682765,0.0,1,6.0,0.0474337131141323,-2.9998264740922522,True
1779,대조,0,2.0,8.0,322.69,173.0,0.0,0.0,0.0,6.0,1,0.0,0.0,0.0,53.99,3.0,2.0,0,1,2.0,2.1972245773362196,5.779786267653029,0.0,0,6.0,0.01493973340961129,-4.188678488179519,True
1781,대조,0,9.0,5.0,156.78,49.0,0.0,0.0,0.0,3.0,0,0.0,0.0,0.0,160.18,5.0,9.0,0,1,9.0,1.791759469228055,5.061201657666944,0.0,0,3.0,0.002481566811612794,-5.996380488415371,False
1784,대조,0,11.0,3.0,221.04,90.0,0.0,0.0,0.0,2.0,0,0.0,0.0,0.0,153.85,2.0,11.0,0,1,11.0,1.3862943611198906,5.40285754582196,0.0,0,2.0,0.0036482307447804467,-5.609858054595018,False
1785,대조,0,8.0,17.0,350.2,171.0,2.0,4.58,0.0,1.0,1,5.43,2.0,2.0,170.72,9.0,8.0,1,1,8.0,2.8903717578961645,5.861355861760962,0.01307824100513992,0,1.0,0.03480891301001755,-3.322452624377721,True
1788,대조,0,3.0,22.0,1440.82,27204.0,0.0,0.0,0.0,6.0,1,0.0,0.0,0.0,858.83,11.0,3.0,0,1,3.0,3.1354942159291497,7.273661483423721,0.0,0,6.0,0.13262568305602404,-1.877939874519532,True
1790,대조,0,6.0,9.0,404.61,210.0,0.0,0.0,0.0,3.0,0,0.0,0.0,0.0,114.56,3.0,6.0,0,1,6.0,2.302585092994046,6.005392106805395,0.0,0,3.0,0.010092724127455674,-4.585796497181226,True
1791,대조,0,4.0,16.0,416.55,28137.0,0.0,0.0,0.0,3.0,1,0.0,0.0,0.0,397.83,19.0,4.0,0,1,4.0,2.833213344056216,6.034404297599238,0.0,0,3.0,0.03175116257012196,-3.4175597766519132,True
1792,대조,0,14.0,27.0,586.45,4790.0,71.0,82.34,0.0,1.0,0,39.14,35.0,20.0,216.37,18.0,14.0,1,1,14.0,3.332204510175204,6.375791136013581,0.14040412652400033,0,1.0,0.12280259683292134,-1.9661538938361596,True
1793,대조,0,3.0,2.0,155.07,86.0,0.0,0.0,0.0,2.0,0,0.0,0.0,0.0,191.15,6.0,3.0,0,1,3.0,1.0986122886681098,5.050304624554462,0.0,0,2.0,0.0019788033077752128,-6.223282243279826,False
1794,대조,0,10.0,12.0,504.15,19170.0,1.0,4.99,0.0,2.0,0,8.48,2.0,2.0,368.5,10.0,10.0,1,1,10.0,2.5649493574615367,6.224855414873741,0.009897847862739265,0,2.0,0.017952107543966766,-4.0019325575248565,True
1796,대조,0,12.0,9.0,459.76,38050.0,0.0,0.0,0.0,2.0,1,0.0,0.0,0.0,260.67,8.0,12.0,0,1,12.0,2.302585092994046,6.132877300058306,0.0,0,2.0,0.03350571560577869,-3.361959345539869,True
1798,대조,0,44.0,6.0,421.06,179.0,0.0,0.0,0.0,1.0,0,0.0,0.0,0.0,110.54,2.0,44.0,0,1,44.0,1.9459101490553132,6.045147484024167,0.0,0,1.0,0.013291174545015617,-4.307274739313781,True
1800,대조,0,18.0,8.0,265.25,45290.0,0.0,0.0,0.0,1.0,1,0.0,0.0,0.0,322.08,8.0,18.0,0,1,18.0,2.1972245773362196,5.584435717023635,0.0,0,1.0,0.017584121488822456,-4.023018413549517,True
1802,대조,0,5.0,9.0,837.17,14403.0,0.0,0.0,1.0,3.0,1,3.58,2.0,2.0,389.8,5.0,5.0,1,1,5.0,2.302585092994046,6.731220943869785,0.0,1,3.0,0.028335553091518053,-3.534893216468643,True
1806,대조,0,1.0,19.0,375.41,151.0,0.0,0.0,0.0,5.0,0,0.0,0.0,0.0,242.73,9.0,1.0,0,1,1.0,2.995732273553991,5.930678974839718,0.0,0,5.0,0.00993444364007385,-4.601763285038509,True
1808,대조,0,1.0,10.0,198.0,77.0,0.0,0.0,0.0,3.0,0,0.0,0.0,0.0,147.66,11.0,1.0,0,1,1.0,2.3978952727983707,5.293304824724492,0.0,0,3.0,0.003981337815883891,-5.52214809708176,False
1809,대조,0,5.0,13.0,351.84,175.0,0.0,0.0,0.0,1.0,0,0.0,0.0,0.0,101.63,5.0,5.0,0,1,5.0,2.6390573296152584,5.866014696390566,0.0,0,1.0,0.010723331428790233,-4.5245521633004575,True
1810,대조,0,1.0,41.0,715.5,46332.0,1.0,3.99,0.0,3.0,0,14.99,1.0,1.0,352.56,13.0,1.0,1,1,1.0,3.7376696182833684,6.574378247268227,0.005576519916142558,0,3.0,0.03578286452440737,-3.2938473792660004,True
1812,대조,0,1.0,16.0,305.59,6539.0,1.0,4.79,0.0,2.0,1,0.0,0.0,0.0,177.23,9.0,1.0,0,1,1.0,2.833213344056216,5.725511350119767,0.015674596681828596,0,2.0,0.026611899874466306,-3.599424392811448,True
1814,처치,1,28.0,4.0,289.78000000000003,104.0,4.0,40.26,0.0,2.0,1,46.15,5.0,5.0,704.33,6.0,28.0,1,1,28.0,1.6094379124341003,5.67256696750328,0.13893298364276346,0,2.0,0.07239620463388377,-2.5504508211371486,True
1815,처치,1,11.0,24.0,1142.44,92867.0,13.0,86.28999999999999,0.0,0.0,1,52.65,45.0,5.0,493.86,8.0,11.0,1,1,11.0,3.2188758248682006,7.04179654160086,0.07553131893140995,0,0.0,0.2980980394896406,-0.8563713129046413,True
1816,처치,1,1.0,28.0,559.36,231.0,7.0,69.13,0.0,4.0,1,38.26,4.0,4.0,337.77,12.0,1.0,1,1,1.0,3.367295829986474,6.328579434327914,0.12358767162471394,0,4.0,0.17859336040540655,-1.5259067927859045,True
1818,대조,0,4.0,14.0,149.09,19700.0,2.0,18.93,0.0,1.0,0,53.059999999999995,4.0,4.0,208.95,18.0,4.0,1,1,4.0,2.70805020110221,5.011235114168223,0.1269702864041854,0,1.0,0.014786300851831835,-4.199157437089393,True
1822,대조,0,27.0,11.0,152.3,54.0,0.0,0.0,0.0,3.0,1,0.0,0.0,0.0,150.42,4.0,27.0,0,1,27.0,2.4849066497880004,5.0323967858777685,0.0,0,3.0,0.008731734670196159,-4.732021147029798,False
1824,대조,0,1.0,20.0,372.35,162.0,0.0,0.0,0.0,4.0,0,3.95,5.0,5.0,360.31,18.0,1.0,1,1,1.0,3.044522437723423,5.922516317481711,0.0,0,4.0,0.010675893793364576,-4.529033705639755,True
1825,대조,0,66.0,2.0,25.990000000000002,10519.0,0.0,0.0,0.0,1.0,0,0.0,0.0,0.0,0.0,0.0,66.0,0,0,66.0,1.0986122886681098,3.2954664270299134,0.0,0,1.0,0.00029949464409476426,-8.113114483889253,False
1826,대조,0,7.0,19.0,225.3,168.0,0.0,0.0,0.0,1.0,0,0.0,0.0,0.0,275.26,13.0,7.0,0,1,7.0,2.995732273553991,5.421861552639491,0.0,0,1.0,0.006865538856120235,-4.9743515345016025,False
1828,대조,0,89.0,1.0,4.0,8.0,0.0,0.0,0.0,6.0,0,0.0,0.0,0.0,0.0,0.0,89.0,0,0,89.0,0.6931471805599453,1.6094379124341003,0.0,0,6.0,2.292248327315981e-05,-10.68336940398936,False
1829,대조,0,1.0,33.0,758.89,17055.0,1.0,2.99,0.0,3.0,1,0.0,0.0,0.0,334.74,16.0,1.0,0,1,1.0,3.5263605246161616,6.633173685962884,0.003939964948806811,0,3.0,0.08669495705893858,-2.354674218667568,True
1832,대조,0,22.0,6.0,152.54,73.0,0.0,0.0,0.0,1.0,0,0.0,0.0,0.0,153.96,6.0,22.0,0,1,22.0,1.9459101490553132,5.033961119399752,0.0,0,1.0,0.003108539635031371,-5.770488852622927,False
1833,대조,0,3.0,13.0,224.36,113.0,0.0,0.0,0.0,7.0,1,0.0,0.0,0.0,259.31,6.0,3.0,0,1,3.0,2.6390573296152584,5.417699123568117,0.0,0,6.0,0.010924389080530363,-4.505772960574827,True
1834,대조,0,22.0,5.0,144.78,14150.0,1.0,10.59,0.0,5.0,1,0.0,0.0,0.0,2.29,1.0,22.0,0,1,22.0,1.791759469228055,4.982098635954067,0.07314546208039785,0,5.0,0.012411589699805664,-4.376635332880889,True
1836,대조,0,32.0,8.0,320.64,16812.0,10.0,86.38000000000001,0.0,6.0,0,28.75,5.0,3.0,241.77,8.0,32.0,1,1,32.0,2.1972245773362196,5.773432907679949,0.2693987025948104,0,6.0,0.12668266033106637,-1.9306137727101118,True
1839,대조,0,8.0,26.0,323.92,160.0,0.0,0.0,2.0,1.0,0,0.0,0.0,0.0,166.85999999999999,12.0,8.0,0,1,8.0,3.295836866004329,5.783578998182753,0.0,1,1.0,0.005262682836343636,-5.241837757799945,False
1840,대조,0,,0.0,0.0,0.0,0.0,0.0,0.0,1.0,0,0.0,0.0,0.0,0.0,0.0,90.0,0,0,90.0,0.0,0.0,0.0,0,1.0,2.998750752517713e-06,-12.717311773093492,False
1841,대조,0,13.0,5.0,493.01,198.0,0.0,0.0,0.0,1.0,1,0.0,0.0,0.0,182.78,2.0,13.0,0,1,13.0,1.791759469228055,6.202555759898017,0.0,0,1.0,0.03299712713235007,-3.3777809652750994,True
1845,처치,1,2.0,23.0,1327.18,529.0,15.0,36.14,0.0,9.0,1,12.99,1.0,1.0,727.02,10.0,2.0,1,1,2.0,3.1780538303479458,7.191564863020044,0.027230669539926762,0,6.0,0.15854180022507453,-1.6691180565611834,True
1847,대조,0,5.0,15.0,357.41,145.0,2.0,5.6899999999999995,0.0,2.0,1,0.0,0.0,0.0,393.46,11.0,5.0,0,1,5.0,2.772588722239781,5.881677582497242,0.015920091771355022,0,2.0,0.03265488741012423,-3.3885607862532803,True
1848,대조,0,2.0,15.0,1342.35,69722.0,6.0,39.800000000000004,0.0,4.0,1,0.0,0.0,0.0,680.4,9.0,2.0,0,1,2.0,2.772588722239781,7.202921773143544,0.029649495288114135,0,4.0,0.16287849847276023,-1.6369647083599093,True
1849,대조,0,2.0,16.0,398.33,177.0,0.0,0.0,0.0,3.0,0,0.0,0.0,0.0,191.73,13.0,2.0,0,1,2.0,2.833213344056216,5.989788142727037,0.0,0,3.0,0.011629700472251184,-4.4424952131734745,True
1852,대조,0,5.0,11.0,431.39,159.0,0.0,0.0,0.0,8.0,0,0.0,0.0,0.0,99.96,1.0,5.0,0,1,5.0,2.4849066497880004,6.069327958763121,0.0,0,6.0,0.009548360194094403,-4.6417916085998066,True
1857,대조,0,14.0,7.0,65.6,4813.0,5.0,10.36,0.0,1.0,0,5.99,1.0,1.0,12.07,4.0,14.0,1,1,14.0,2.0794415416798357,4.198704577546343,0.15792682926829268,0,1.0,0.006140746218030559,-5.08664933218255,False
1858,대조,0,5.0,8.0,347.29,121.0,5.0,13.53,0.0,2.0,1,8.49,1.0,1.0,215.95000000000002,7.0,5.0,1,1,5.0,2.1972245773362196,5.853035466078366,0.03895879524316853,0,2.0,0.03329472673825761,-3.3684946361276857,True
1859,대조,0,60.0,2.0,61.800000000000004,20.0,0.0,0.0,0.0,1.0,0,0.0,0.0,0.0,276.38,4.0,60.0,0,1,60.0,1.0986122886681098,4.1399550734741535,0.0,0,1.0,0.0008827459096679401,-7.03159002103177,False
1860,대조,0,30.0,10.0,97.63,55.0,0.0,0.0,0.0,1.0,0,0.0,0.0,0.0,0.0,0.0,30.0,0,0,30.0,2.3978952727983707,4.591375474965902,0.0,0,1.0,0.002128830440069978,-6.150051439613861,False
1861,대조,0,1.0,9.0,180.01,121.0,0.0,0.0,0.0,5.0,1,0.0,0.0,0.0,204.54,6.0,1.0,0,1,1.0,2.302585092994046,5.198552278358462,0.0,0,5.0,0.007697218162108494,-4.859169298405626,False
1862,대조,0,17.0,3.0,29.560000000000002,9.0,0.0,0.0,0.0,5.0,0,0.0,0.0,0.0,74.05,4.0,17.0,0,1,17.0,1.3862943611198906,3.4196919642983197,0.0,0,5.0,0.00022588172245203506,-8.395273140433012,False
1864,대조,0,3.0,22.0,2744.26,28709.0,0.0,0.0,0.0,5.0,1,0.0,0.0,0.0,1447.51,13.0,3.0,0,1,3.0,3.1354942159291497,7.917631067126684,0.0,0,5.0,0.27677364759023476,-0.9605222316149525,True
1865,대조,0,3.0,19.0,614.34,239.0,0.0,0.0,0.0,8.0,1,0.0,0.0,0.0,436.33,9.0,3.0,0,1,3.0,2.995732273553991,6.4221749605721845,0.0,0,6.0,0.04510787272709129,-3.0525415855147395,True
1879,대조,0,1.0,38.0,729.15,447.0,1.0,2.69,0.0,3.0,1,2.99,1.0,1.0,194.61,7.0,1.0,1,1,1.0,3.6635616461296463,6.593249992486481,0.0036892271823355965,0,3.0,0.08612217429419966,-2.361929973173994,True
1881,대조,0,8.0,19.0,431.84,98029.0,0.0,0.0,0.0,2.0,0,0.0,0.0,0.0,310.58,11.0,8.0,0,1,8.0,2.995732273553991,6.070368144703448,0.0,0,2.0,0.015100302806746738,-4.177825008679632,True
1883,대조,0,20.0,5.0,129.79,72.0,2.0,9.18,0.0,6.0,0,0.0,0.0,0.0,120.04,6.0,20.0,0,1,20.0,1.791759469228055,4.8735929835010605,0.07072964018799599,0,6.0,0.003759631752687158,-5.579667547559538,False
1887,대조,0,4.0,18.0,148.25,75.0,0.0,0.0,0.0,1.0,0,0.0,0.0,0.0,57.63,7.0,4.0,0,1,4.0,2.9444389791664403,5.0056227522727115,0.0,0,1.0,0.0038346636021115944,-5.559831531068458,False
1889,대조,0,2.0,4.0,58.86,27.0,0.0,0.0,0.0,2.0,0,13.29,5.0,2.0,153.54,4.0,2.0,1,1,2.0,1.6094379124341003,4.0920085024245525,0.0,0,2.0,0.0006646648675272985,-7.315562717088657,False
1890,대조,0,4.0,13.0,304.89,121.0,2.0,27.68,0.0,1.0,0,0.0,0.0,0.0,202.29000000000002,8.0,4.0,0,1,4.0,2.6390573296152584,5.723225560200808,0.09078684115582669,0,1.0,0.024319415023215368,-3.6918602598708024,True
1894,대조,0,1.0,10.0,405.99,32674.0,1.0,2.59,0.0,2.0,1,0.0,0.0,0.0,0.0,0.0,1.0,0,0,1.0,2.3978952727983707,6.008788615116177,0.006379467474568338,0,2.0,0.02978263444781267,-3.4835946475877657,True
1895,대조,0,6.0,6.0,120.46,62.0,2.0,6.98,0.0,2.0,0,9.99,1.0,1.0,58.11,2.0,6.0,1,1,6.0,1.9459101490553132,4.799584990469429,0.05794454590735514,0,2.0,0.003746427662873817,-5.583199053167025,False
1896,대조,0,1.0,25.0,545.56,231.0,1.0,3.89,0.0,1.0,1,0.0,0.0,0.0,552.35,15.0,1.0,0,1,1.0,3.258096538021482,6.30364409116015,0.0071302881442921046,0,1.0,0.06203733795751578,-2.7159737133875543,True
1900,대조,0,9.0,11.0,1769.22,491.0,0.0,0.0,0.0,2.0,0,5.0,2.0,2.0,1048.49,6.0,9.0,1,1,9.0,2.4849066497880004,7.478859111629353,0.0,0,2.0,0.07652320625672321,-2.4905516261370466,True
1905,대조,0,2.0,9.0,116.61,33.0,0.0,0.0,0.0,3.0,0,0.0,0.0,0.0,92.84,3.0,2.0,0,1,2.0,2.302585092994046,4.7673740658629455,0.0,0,3.0,0.0019362631327156682,-6.245057243591076,False
1906,처치,1,2.0,31.0,1717.1200000000001,63561.0,13.0,34.550000000000004,0.0,6.0,0,24.580000000000002,38.0,19.0,1119.71,19.0,2.0,1,1,2.0,3.4657359027997265,7.448985948766131,0.020120900111815134,0,6.0,0.09428404675361213,-2.262413739635814,True
1911,대조,0,10.0,11.0,248.71,81369.0,0.0,0.0,0.0,3.0,1,0.0,0.0,0.0,59.72,7.0,10.0,0,1,10.0,2.4849066497880004,5.520300244541494,0.0,0,3.0,0.014991458938048822,-4.185169677463343,True
1912,대조,0,7.0,8.0,175.39000000000001,125.0,15.0,39.0,0.0,2.0,0,11.879999999999999,24.0,5.0,61.410000000000004,4.0,7.0,1,1,7.0,2.1972245773362196,5.172697452623386,0.22236159416158274,0,2.0,0.04166513408746912,-3.1355325977181585,True
1918,대조,0,11.0,9.0,576.41,9246.0,0.0,0.0,0.0,2.0,0,0.0,0.0,0.0,57.18,5.0,11.0,0,1,11.0,2.302585092994046,6.358552586095142,0.0,0,2.0,0.017568813545682856,-4.023904929419801,True
1920,대조,0,6.0,15.0,294.36,114.0,0.0,0.0,0.0,4.0,1,0.0,0.0,0.0,211.66,15.0,6.0,0,1,6.0,2.772588722239781,5.688194951314488,0.0,0,4.0,0.01886720182024781,-3.9512827594479067,True
1921,대조,0,12.0,16.0,282.2,12675.0,0.0,0.0,2.0,2.0,1,0.0,0.0,0.0,0.0,0.0,12.0,0,0,12.0,2.833213344056216,5.6461533618195645,0.0,1,2.0,0.009236540391143775,-4.675308418251557,False
1922,대조,0,6.0,13.0,546.57,244.0,0.0,0.0,0.0,4.0,0,0.0,0.0,0.0,261.03000000000003,8.0,6.0,0,1,6.0,2.6390573296152584,6.305490307399324,0.0,0,4.0,0.015720582863331053,-4.136938953114108,True
1923,대조,0,9.0,27.0,817.6,108515.0,0.0,0.0,0.0,6.0,1,0.0,0.0,0.0,411.17,12.0,9.0,0,1,9.0,3.332204510175204,6.707595564058303,0.0,0,6.0,0.07431807960618901,-2.522176422499728,True
1925,대조,0,1.0,10.0,178.79,68.0,0.0,0.0,0.0,2.0,0,0.0,0.0,0.0,6.970000000000001,2.0,1.0,0,1,1.0,2.3978952727983707,5.191789503138204,0.0,0,2.0,0.003721170830660405,-5.589988809181566,False
1927,대조,0,6.0,21.0,855.77,466.0,0.0,0.0,0.0,4.0,1,0.0,0.0,0.0,425.43,9.0,6.0,0,1,6.0,3.091042453358316,6.753169504514932,0.0,0,4.0,0.08079736490045915,-2.4315622408847113,True
1928,대조,0,6.0,13.0,264.82,129.0,4.0,5.24,1.0,5.0,1,17.759999999999998,4.0,4.0,130.21,7.0,6.0,1,1,6.0,2.6390573296152584,5.582819387993187,0.01978702514915792,1,5.0,0.007867531147983364,-4.837112326500186,False
1929,대조,0,3.0,10.0,639.39,289.0,1.0,3.29,0.0,5.0,1,11.48,3.0,3.0,430.14,6.0,3.0,1,1,3.0,2.3978952727983707,6.462077365760166,0.005145529332645177,0,5.0,0.04369166784454756,-3.0859229674777184,True
1930,대조,0,2.0,11.0,201.27,84.0,0.0,0.0,0.0,5.0,0,0.0,0.0,0.0,178.43,5.0,2.0,0,1,2.0,2.4849066497880004,5.309603438565004,0.0,0,5.0,0.0036958779340380064,-5.596834427687316,False
1931,대조,0,19.0,8.0,224.59,106.0,0.0,0.0,0.0,3.0,1,0.0,0.0,0.0,110.29,5.0,19.0,0,1,19.0,2.1972245773362196,5.418719192400332,0.0,0,3.0,0.012506487413577221,-4.36892242445686,True
1932,대조,0,2.0,4.0,47.3,13.0,0.0,0.0,0.0,1.0,0,0.0,0.0,0.0,19.49,3.0,2.0,0,1,2.0,1.6094379124341003,3.877431560658527,0.0,0,1.0,0.0005349353749063318,-7.532829534428243,False
1933,대조,0,13.0,5.0,117.65,71.0,0.0,0.0,0.0,2.0,0,0.0,0.0,0.0,76.92,4.0,13.0,0,1,13.0,1.791759469228055,4.776177982881773,0.0,0,2.0,0.0018630075880738852,-6.283698369185684,False
1935,처치,1,3.0,35.0,2423.88,249459.0,147.0,202.59,5.0,5.0,1,66.4,86.0,69.0,741.88,14.0,3.0,1,1,3.0,3.58351893845611,7.793537317611101,0.08358087034011584,1,5.0,0.2935773563909398,-0.8780725339581242,True
1939,처치,1,6.0,15.0,817.61,42407.0,2.0,7.58,0.0,3.0,1,18.18,4.0,3.0,501.51,6.0,6.0,1,1,6.0,2.772588722239781,6.7076077799621885,0.009270923790071061,0,3.0,0.08070738252464621,-2.4327744280536896,True
1940,대조,0,4.0,7.0,158.97,96.0,2.0,2.48,0.0,2.0,0,5.28,2.0,2.0,162.26,6.0,4.0,1,1,4.0,2.0794415416798357,5.0749862976535045,0.015600427753664213,0,2.0,0.0034608344706964283,-5.662778705477509,False
1941,대조,0,6.0,18.0,89.26,54.0,0.0,0.0,0.0,2.0,0,0.0,0.0,0.0,90.04,15.0,6.0,0,1,6.0,2.9444389791664403,4.502694394398855,0.0,0,2.0,0.0018711719840562475,-6.279317390173418,False
1942,대조,0,1.0,31.0,857.53,9544.0,0.0,0.0,0.0,2.0,0,0.0,0.0,0.0,226.35,13.0,1.0,0,1,1.0,3.4657359027997265,6.755221624397917,0.0,0,2.0,0.04119274794770952,-3.147427846031996,True
1943,대조,0,12.0,20.0,289.81,139.0,0.0,0.0,0.0,11.0,0,0.0,0.0,0.0,348.33,17.0,12.0,0,1,12.0,3.044522437723423,5.672670132963575,0.0,0,6.0,0.007185405488874003,-4.9284919807243845,False
1948,대조,0,4.0,19.0,389.16,257.0,1.0,11.99,0.0,1.0,1,13.57,4.0,4.0,254.24,11.0,4.0,1,1,4.0,2.995732273553991,5.966556911401797,0.030809949635111522,0,1.0,0.04885894014397096,-2.9687250055670247,True
1949,대조,0,4.0,11.0,456.44,205.0,0.0,0.0,0.0,1.0,1,0.0,0.0,0.0,85.08,5.0,4.0,0,1,4.0,2.4849066497880004,6.125645728574002,0.0,0,1.0,0.03601798712011612,-3.28705417969623,True
1950,대조,0,1.0,10.0,303.66,163.0,0.0,0.0,0.0,1.0,0,0.0,0.0,0.0,34.9,4.0,1.0,0,1,1.0,2.3978952727983707,5.719196400708555,0.0,0,1.0,0.007949820029382104,-4.826624400056883,False
1953,대조,0,1.0,12.0,121.54,57.0,0.0,0.0,0.0,2.0,1,0.0,0.0,0.0,151.26,11.0,1.0,0,1,1.0,2.5649493574615367,4.8084375072975085,0.0,0,2.0,0.006161021197181959,-5.083332657809194,False
1954,대조,0,6.0,22.0,339.78000000000003,194.0,0.0,0.0,0.0,7.0,0,0.0,0.0,0.0,96.76,4.0,6.0,0,1,6.0,3.1354942159291497,5.831237107787093,0.0,0,6.0,0.008823716144411332,-4.721449290479929,False
1957,대조,0,8.0,7.0,500.62,169.0,0.0,0.0,6.0,2.0,0,0.0,0.0,0.0,163.61,3.0,8.0,0,1,8.0,2.0794415416798357,6.217842860932121,0.0,1,2.0,0.005692782577604819,-5.162847072698888,False
1959,대조,0,1.0,8.0,350.61,18695.0,0.0,0.0,0.0,3.0,0,0.0,0.0,0.0,135.91,2.0,1.0,0,1,1.0,2.1972245773362196,5.862522606817267,0.0,0,3.0,0.007840658912434174,-4.840560844698143,False
1961,대조,0,2.0,21.0,265.12,141.0,0.0,0.0,0.0,3.0,0,40.25,5.0,4.0,332.87,9.0,2.0,1,1,2.0,3.091042453358316,5.583947334873687,0.0,0,3.0,0.007479981038179752,-4.888016925616073,False
1963,대조,0,4.0,2.0,252.44,124.0,0.0,0.0,0.0,2.0,0,0.0,0.0,0.0,318.87,6.0,4.0,0,1,4.0,1.0986122886681098,5.535127108626061,0.0,0,2.0,0.0037705345936756476,-5.5767608245607985,False
1964,대조,0,12.0,7.0,220.45,116.0,0.0,0.0,0.0,1.0,1,0.0,0.0,0.0,201.0,8.0,12.0,0,1,12.0,2.0794415416798357,5.400196830369207,0.0,0,1.0,0.012835793932831885,-4.342598725185417,True
1965,대조,0,11.0,17.0,355.13,164.0,0.0,0.0,1.0,7.0,1,0.0,0.0,0.0,239.37,9.0,11.0,0,1,11.0,2.8903717578961645,5.875295832733553,0.0,1,6.0,0.009723967364596249,-4.623390024831611,True
1966,대조,0,3.0,26.0,1030.28,586.0,3.0,7.07,0.0,8.0,0,0.0,0.0,0.0,367.24,8.0,3.0,0,1,3.0,3.295836866004329,6.938556028134849,0.006862212214155376,0,6.0,0.04144223362690486,-3.1411293313811135,True
1968,대조,0,2.0,13.0,326.62,5043.0,0.0,0.0,0.0,3.0,0,2.99,1.0,1.0,494.69,11.0,2.0,1,1,2.0,2.6390573296152584,5.791854400176486,0.0,0,3.0,0.00838819720709368,-4.772506079481557,False
1969,대조,0,1.0,24.0,405.87,223.0,0.0,0.0,0.0,3.0,0,0.0,0.0,0.0,152.81,15.0,1.0,0,1,1.0,3.2188758248682006,6.008493724100844,0.0,0,3.0,0.013551142565170602,-4.287640615757111,True
1970,대조,0,10.0,12.0,309.93,5018.0,0.0,0.0,0.0,1.0,0,0.0,0.0,0.0,32.91,5.0,10.0,0,1,10.0,2.5649493574615367,5.73956780645899,0.0,0,1.0,0.009112400041223517,-4.688964979207123,False
1971,대조,0,19.0,8.0,272.64,119.0,3.0,25.669999999999998,0.0,5.0,0,0.0,0.0,0.0,48.08,5.0,19.0,0,1,19.0,2.1972245773362196,5.611813373892797,0.09415346244131455,0,5.0,0.015742010284853676,-4.135555094299241,True
1972,대조,0,3.0,14.0,257.4,8846.0,0.0,0.0,0.0,3.0,0,0.0,0.0,0.0,306.73,5.0,3.0,0,1,3.0,2.70805020110221,5.554508771908447,0.0,0,3.0,0.006329932286875647,-5.056115688804986,False
1974,대조,0,,0.0,0.0,0.0,0.0,0.0,0.0,5.0,0,0.0,0.0,0.0,0.0,0.0,90.0,0,0,90.0,0.0,0.0,0.0,0,5.0,2.2999671616537707e-06,-12.982613412703127,False
1978,대조,0,34.0,5.0,67.4,37.0,1.0,8.49,0.0,6.0,0,0.0,0.0,0.0,93.31,4.0,34.0,0,1,34.0,1.791759469228055,4.225372824628505,0.12596439169139464,0,6.0,0.0032341217711914956,-5.730758502260201,False
1979,대조,0,1.0,14.0,138.46,74.0,0.0,0.0,0.0,3.0,1,0.0,0.0,0.0,62.03,6.0,1.0,0,1,1.0,2.70805020110221,4.9377778217928645,0.0,0,3.0,0.0071868253905502605,-4.928292960944498,False
1980,대조,0,11.0,10.0,712.75,7736.0,2.0,10.98,0.0,1.0,1,9.99,1.0,1.0,124.51,1.0,11.0,1,1,11.0,2.3978952727983707,6.57053276097022,0.01540512101017187,0,1.0,0.07480654038470874,-2.5150975417184207,True
1981,대조,0,3.0,24.0,284.05,164.0,0.0,0.0,0.0,1.0,0,0.0,0.0,0.0,187.65,8.0,3.0,0,1,3.0,3.2188758248682006,5.652664603477591,0.0,0,1.0,0.00981734350475206,-4.613738860715483,True
1982,대조,0,4.0,37.0,848.17,86270.0,0.0,0.0,0.0,2.0,1,0.0,0.0,0.0,237.28,8.0,4.0,0,1,4.0,3.6375861597263857,6.744259401838141,0.0,0,2.0,0.10625028464848528,-2.129628288674846,True
1987,대조,0,6.0,14.0,401.72,200.0,2.0,5.49,0.0,1.0,0,0.0,0.0,0.0,174.67000000000002,10.0,6.0,0,1,6.0,2.70805020110221,5.998241531387006,0.013666235188688638,0,1.0,0.015290707558586218,-4.16510116825887,True
1988,대조,0,1.0,29.0,1490.59,20899.0,0.0,0.0,0.0,1.0,0,0.0,0.0,0.0,916.47,13.0,1.0,0,1,1.0,3.4011973816621555,7.307597944071948,0.0,0,1.0,0.08519217194093641,-2.373804468251568,True
1989,대조,0,3.0,21.0,460.43,22258.0,3.0,14.76,6.0,3.0,1,7.9799999999999995,2.0,2.0,247.53,11.0,3.0,1,1,3.0,3.091042453358316,6.134330363131829,0.032056990204808546,1,3.0,0.024250555037531624,-3.6947663319616657,True
1990,대조,0,1.0,18.0,632.9200000000001,60246.0,0.0,0.0,1.0,3.0,1,0.0,0.0,0.0,410.86,11.0,1.0,0,1,1.0,2.9444389791664403,6.451922763510186,0.0,1,3.0,0.02410568498771781,-3.7009065924659805,True
1993,대조,0,4.0,17.0,197.06,11838.0,1.0,6.38,0.0,1.0,0,0.0,0.0,0.0,61.620000000000005,4.0,4.0,0,1,4.0,2.8903717578961645,5.288570015093157,0.032375926113873944,0,1.0,0.007855722006280048,-4.838626353975129,False
1996,대조,0,4.0,18.0,350.98,75.0,0.0,0.0,0.0,2.0,0,0.0,0.0,0.0,121.3,5.0,4.0,0,1,4.0,2.9444389791664403,5.863574355802065,0.0,0,2.0,0.011071380054657612,-4.492258749915308,True
1997,대조,0,1.0,11.0,667.04,32796.0,0.0,0.0,0.0,4.0,1,0.0,0.0,0.0,506.74,7.0,1.0,0,1,1.0,2.4849066497880004,6.504348051983417,0.0,0,4.0,0.047298872933528295,-3.0028147745653206,True
1998,대조,0,4.0,28.0,163.47,139.0,0.0,0.0,0.0,5.0,0,0.0,0.0,0.0,121.9,17.0,4.0,0,1,4.0,3.367295829986474,5.102728182753178,0.0,0,5.0,0.00388092601878021,-5.547793012835401,False
2002,대조,0,20.0,10.0,466.22,239.0,2.0,12.29,0.0,1.0,1,0.0,0.0,0.0,247.89000000000001,4.0,20.0,0,1,20.0,2.3978952727983707,6.14680023881695,0.026360945476384536,0,1.0,0.05218863064612433,-2.899290837529737,True
2006,대조,0,8.0,18.0,949.94,457.0,0.0,0.0,0.0,5.0,1,0.0,0.0,0.0,1044.29,20.0,8.0,0,1,8.0,2.9444389791664403,6.8574509690723895,0.0,0,5.0,0.08315763194846995,-2.4001975711271375,True
2008,대조,0,8.0,11.0,340.43,119.0,0.0,0.0,0.0,3.0,0,0.0,0.0,0.0,213.48,12.0,8.0,0,1,8.0,2.4849066497880004,5.833142679961908,0.0,0,3.0,0.008682928205633685,-4.7376756118513415,False
2009,대조,0,,0.0,0.0,0.0,0.0,0.0,0.0,1.0,0,0.0,0.0,0.0,0.0,0.0,90.0,0,0,90.0,0.0,0.0,0.0,0,1.0,2.998750752517713e-06,-12.717311773093492,False
2011,대조,0,2.0,15.0,222.84,137.0,0.0,0.0,0.0,3.0,1,0.0,0.0,0.0,94.03,6.0,2.0,0,1,2.0,2.772588722239781,5.410931510917171,0.0,0,3.0,0.013728577999969701,-4.274451946996621,True
2012,대조,0,2.0,49.0,1591.9,98165.0,0.0,0.0,0.0,6.0,1,0.0,0.0,0.0,681.91,28.0,2.0,0,1,2.0,3.912023005428146,7.373311533300592,0.0,0,6.0,0.1856727609545162,-1.4783765242531663,True
2013,대조,0,43.0,1.0,2.99,1.0,0.0,0.0,0.0,2.0,1,0.0,0.0,0.0,0.0,0.0,43.0,0,0,43.0,0.6931471805599453,1.3837912309017721,0.0,0,2.0,4.419008488896918e-05,-10.026965926762642,False
2014,대조,0,23.0,4.0,145.95,92.0,0.0,0.0,0.0,1.0,0,0.0,0.0,0.0,307.79,3.0,23.0,0,1,23.0,1.6094379124341003,4.990092392864926,0.0,0,1.0,0.0026218057550478073,-5.941266730421002,False
2016,대조,0,3.0,2.0,31.29,19.0,0.0,0.0,0.0,2.0,0,0.0,0.0,0.0,111.28,7.0,3.0,0,1,3.0,1.0986122886681098,3.4747575847701837,0.0,0,2.0,0.0002470731239981858,-8.305579112922787,False
2018,대조,0,4.0,38.0,1359.1100000000001,521.0,0.0,0.0,0.0,3.0,1,0.0,0.0,0.0,590.83,17.0,4.0,0,1,4.0,3.6635616461296463,7.215320857812237,0.0,0,3.0,0.1730405406607437,-1.5642297663428044,True
2021,대조,0,5.0,8.0,119.89,87.0,0.0,0.0,0.0,1.0,0,0.0,0.0,0.0,97.53,5.0,5.0,0,1,5.0,2.1972245773362196,4.794881041213901,0.0,0,1.0,0.0022470490160049696,-6.095887894621481,False
2024,대조,0,7.0,14.0,815.01,33422.0,6.0,44.13,0.0,5.0,1,0.0,0.0,0.0,499.43,8.0,7.0,0,1,7.0,2.70805020110221,6.7044266097909775,0.054146574888651676,0,5.0,0.11116653043875485,-2.0788805433901847,True
2027,대조,0,2.0,4.0,68.19,37.0,0.0,0.0,0.0,4.0,0,0.0,0.0,0.0,94.38,7.0,2.0,0,1,2.0,1.6094379124341003,4.23685634351072,0.0,0,4.0,0.0007048801262341808,-7.256777674648724,False
2029,대조,0,23.0,9.0,232.14000000000001,99.0,0.0,0.0,0.0,2.0,0,0.0,0.0,0.0,99.92,2.0,23.0,0,1,23.0,2.302585092994046,5.451639131491686,0.0,0,2.0,0.00574678396472867,-5.153351530862154,False
2030,처치,1,3.0,18.0,522.86,271.0,21.0,29.34,0.0,4.0,1,0.0,0.0,0.0,107.67999999999999,7.0,3.0,0,1,3.0,2.9444389791664403,6.261224473050771,0.05611444746203573,0,4.0,0.07475801609342472,-2.515798862294172,True
2032,대조,0,2.0,3.0,26.57,11.0,0.0,0.0,0.0,1.0,0,0.0,0.0,0.0,118.29,10.0,2.0,0,1,2.0,1.3862943611198906,3.3167282250357055,0.0,0,1.0,0.0002357498582682203,-8.352503459994502,False
2033,대조,0,47.0,14.0,366.36,20812.0,3.0,19.57,0.0,1.0,0,31.12,8.0,5.0,272.31,10.0,47.0,1,1,47.0,2.70805020110221,5.906342293691147,0.05341740364668632,0,1.0,0.02658381422101404,-3.600509182695249,True
2034,대조,0,4.0,27.0,614.5600000000001,36093.0,0.0,0.0,0.0,2.0,0,0.0,0.0,0.0,399.43,21.0,4.0,0,1,4.0,3.332204510175204,6.422532422595651,0.0,0,2.0,0.02616336294071927,-3.616883494710308,True
2035,대조,0,17.0,4.0,38.96,37.0,0.0,0.0,0.0,1.0,0,0.0,0.0,0.0,0.0,0.0,17.0,0,0,17.0,1.6094379124341003,3.687878953780353,0.0,0,1.0,0.0004540281683531544,-7.69689718574654,False
2036,대조,0,4.0,14.0,1521.08,545.0,0.0,0.0,0.0,2.0,0,0.0,0.0,0.0,495.41,7.0,4.0,0,1,4.0,2.70805020110221,7.327833099458147,0.0,0,2.0,0.06658685427986388,-2.6403407422322167,True
2037,대조,0,2.0,12.0,210.18,92.0,0.0,0.0,0.0,4.0,0,0.0,0.0,0.0,160.94,7.0,2.0,0,1,2.0,2.5649493574615367,5.352710850378369,0.0,0,4.0,0.004297855023769685,-5.445332095071044,False
2039,대조,0,2.0,5.0,284.55,156.0,0.0,0.0,0.0,1.0,0,0.0,0.0,0.0,889.79,28.0,2.0,0,1,2.0,1.791759469228055,5.654417145110872,0.0,0,1.0,0.005940168802009278,-5.120059846379736,False
2041,대조,0,5.0,27.0,1282.8600000000001,54071.0,0.0,0.0,0.0,3.0,1,0.0,0.0,0.0,644.67,19.0,5.0,0,1,5.0,3.332204510175204,7.157626444037326,0.0,0,3.0,0.14786090943436725,-1.7514777345877595,True
2043,처치,1,3.0,14.0,379.83,191.0,4.0,6.38,0.0,0.0,0,0.7,2.0,1.0,136.59,8.0,3.0,1,1,3.0,2.70805020110221,5.942353081326715,0.016796988126267013,0,0.0,0.015451021296200454,-4.154508542194831,True
2044,대조,0,10.0,4.0,58.260000000000005,34.0,0.0,0.0,0.0,2.0,0,0.0,0.0,0.0,0.0,0.0,10.0,0,0,10.0,1.6094379124341003,4.08193454214542,0.0,0,2.0,0.0006868076068805676,-7.282769309604257,False
2046,대조,0,32.0,1.0,3.99,1.0,0.0,0.0,0.0,1.0,0,0.0,0.0,0.0,23.2,3.0,32.0,0,1,32.0,0.6931471805599453,1.6074359097634274,0.0,0,1.0,2.2933149296003683e-05,-10.682904193196581,False
2047,대조,0,22.0,11.0,617.54,70603.0,0.0,0.0,0.0,5.0,0,18.38,2.0,2.0,523.19,8.0,22.0,1,1,22.0,2.4849066497880004,6.427361862336348,0.0,0,5.0,0.017910454304752233,-4.004297909525824,True
2050,대조,0,4.0,10.0,333.86,144.0,0.0,0.0,0.0,5.0,1,7.99,1.0,1.0,498.92,18.0,4.0,1,1,4.0,2.3978952727983707,5.813712534028397,0.0,0,5.0,0.018069809629357638,-3.9952776472199325,True
2051,대조,0,,0.0,0.0,0.0,0.0,0.0,0.0,6.0,0,0.0,0.0,0.0,0.0,0.0,90.0,0,0,90.0,0.0,0.0,0.0,0,6.0,2.1523700481703245e-06,-13.048938822605537,False
2053,처치,1,1.0,24.0,518.45,247.0,6.0,19.68,0.0,4.0,1,7.66,3.0,3.0,61.46,3.0,1.0,1,1,1.0,3.2188758248682006,6.252770559516541,0.037959301764876066,0,4.0,0.06616153751818926,-2.647204181058296,True
2055,대조,0,4.0,26.0,408.09000000000003,162.0,0.0,0.0,0.0,3.0,0,14.69,1.0,1.0,538.07,22.0,4.0,1,1,4.0,3.295836866004329,6.013935180735349,0.0,0,3.0,0.014258514687149745,-4.23603988477021,True
2057,대조,0,4.0,19.0,500.19,98355.0,0.0,0.0,0.0,2.0,1,0.0,0.0,0.0,317.59000000000003,12.0,4.0,0,1,4.0,2.995732273553991,6.216985270707943,0.0,0,2.0,0.04510267679148834,-3.0526622226271614,True
2058,대조,0,4.0,27.0,973.0,341.0,0.0,0.0,0.0,7.0,1,0.0,0.0,0.0,391.22,9.0,4.0,0,1,4.0,3.332204510175204,6.881411303642535,0.0,0,6.0,0.0893764157469802,-2.321272780835771,True
2059,대조,0,75.0,4.0,152.73000000000002,82.0,1.0,2.99,0.0,1.0,0,6.7,2.0,2.0,519.98,11.0,75.0,1,1,75.0,1.6094379124341003,5.035197816924508,0.01957703136253519,0,1.0,0.004676774562485365,-5.360458857817657,False
2062,대조,0,11.0,16.0,148.45,75.0,1.0,4.99,0.0,6.0,1,0.0,0.0,0.0,121.3,4.0,11.0,0,1,11.0,2.833213344056216,5.006961888729947,0.03361401145166723,0,6.0,0.010417633675908314,-4.553783085833285,True
2063,대조,0,6.0,6.0,250.48,112.0,0.0,0.0,0.0,2.0,1,0.0,0.0,0.0,163.01,5.0,6.0,0,1,6.0,1.9459101490553132,5.5273634635148605,0.0,0,2.0,0.013093110591100698,-4.322489515219596,True
2064,대조,0,7.0,53.0,1067.49,360.0,0.0,0.0,0.0,3.0,1,0.0,0.0,0.0,694.44,33.0,7.0,0,1,7.0,3.9889840465642745,6.974001715801042,0.0,0,3.0,0.14789517341273783,-1.751205820103494,True
2066,대조,0,83.0,1.0,0.75,1.0,0.0,0.0,0.0,5.0,0,0.0,0.0,0.0,4.13,1.0,83.0,0,1,83.0,0.6931471805599453,0.5596157879354227,0.0,0,5.0,5.908542564649699e-06,-12.039105453364462,False
2068,대조,0,2.0,19.0,400.88,217.0,0.0,0.0,0.0,4.0,1,0.0,0.0,0.0,200.18,6.0,2.0,0,1,2.0,2.995732273553991,5.996153536594114,0.0,0,4.0,0.02963550331666709,-3.4886986917355123,True
2069,대조,0,18.0,12.0,206.19,2506.0,0.0,0.0,0.0,3.0,1,1.78,2.0,2.0,305.45,4.0,18.0,1,1,18.0,2.5649493574615367,5.333636246672391,0.0,0,3.0,0.012647606628624953,-4.357559012580909,True
2071,대조,0,4.0,35.0,220.91,101.0,0.0,0.0,0.0,2.0,0,0.0,0.0,0.0,103.38,16.0,4.0,0,1,4.0,3.58351893845611,5.402271894267886,0.0,0,2.0,0.007564176144212101,-4.87673891166548,False
2074,대조,0,14.0,2.0,26.759999999999998,9.0,0.0,0.0,0.0,1.0,0,0.0,0.0,0.0,0.0,0.0,14.0,0,0,14.0,1.0986122886681098,3.3235961356386037,0.0,0,1.0,0.0002303601918297855,-8.375636035858207,False
2076,대조,0,4.0,22.0,814.98,41877.0,0.0,0.0,0.0,10.0,1,13.99,1.0,1.0,751.5,27.0,4.0,1,1,4.0,3.1354942159291497,6.704389844859815,0.0,0,6.0,0.06757533500029492,-2.624545310441091,True
2078,대조,0,14.0,6.0,152.23,47.0,0.0,0.0,0.0,5.0,0,0.0,0.0,0.0,160.46,5.0,14.0,0,1,14.0,1.9459101490553132,5.031940060590085,0.0,0,5.0,0.0022725692797969247,-6.084569090733746,False
2079,대조,0,33.0,5.0,276.48,106.0,0.0,0.0,0.0,7.0,0,0.0,0.0,0.0,248.36,4.0,33.0,0,1,33.0,1.791759469228055,5.625748858517101,0.0,0,6.0,0.00491317643232529,-5.310909329354905,False
2080,대조,0,15.0,7.0,363.44,173.0,0.0,0.0,0.0,8.0,0,0.0,0.0,0.0,292.48,6.0,15.0,0,1,15.0,2.0794415416798357,5.898361928845658,0.0,0,6.0,0.007012764986304554,-4.952985751148253,False
2081,대조,0,74.0,2.0,119.99,77.0,0.0,0.0,0.0,1.0,0,0.0,0.0,0.0,25.49,1.0,74.0,0,1,74.0,1.0986122886681098,4.7957078975533864,0.0,0,1.0,0.0022733234479002844,-6.084236532864773,False
2082,대조,0,1.0,30.0,780.96,43567.0,0.0,0.0,1.0,5.0,1,0.0,0.0,0.0,627.0600000000001,25.0,1.0,0,1,1.0,3.4339872044851463,6.661803588341919,0.0,1,5.0,0.0328097541952335,-3.3836693590858022,True
2084,대조,0,1.0,28.0,737.79,95551.0,0.0,0.0,1.0,3.0,1,0.0,0.0,0.0,283.12,10.0,1.0,0,1,1.0,3.367295829986474,6.605013712770567,0.0,1,3.0,0.03390911495685614,-3.3495740576538813,True
2092,대조,0,,0.0,0.0,0.0,0.0,0.0,0.0,3.0,1,0.0,0.0,0.0,0.0,0.0,90.0,0,0,90.0,0.0,0.0,0.0,0,3.0,6.820845716669679e-06,-11.89552026755117,False
2094,처치,1,7.0,12.0,491.3,294.0,10.0,22.57,3.0,1.0,1,19.37,23.0,7.0,460.17,7.0,7.0,1,1,7.0,2.5649493574615367,6.199088286764155,0.04593934459596988,1,1.0,0.029834854051698213,-3.481789001447367,True
2097,대조,0,14.0,8.0,360.98,146.0,0.0,0.0,0.0,6.0,1,0.0,0.0,0.0,0.0,0.0,14.0,0,0,14.0,2.1972245773362196,5.891588961680726,0.0,0,6.0,0.018491945233897005,-3.971754975759817,True
2098,대조,0,27.0,2.0,26.67,11.0,0.0,0.0,0.0,1.0,0,0.0,0.0,0.0,0.0,0.0,27.0,0,0,27.0,1.0986122886681098,3.3203487937988347,0.0,0,1.0,0.0002472154348488078,-8.305003149623563,False
2099,대조,0,2.0,5.0,52.48,32.0,0.0,0.0,0.0,1.0,0,0.0,0.0,0.0,46.29,5.0,2.0,0,1,2.0,1.791759469228055,3.9793077522337423,0.0,0,1.0,0.0006525684568732576,-7.33394172804996,False
2100,대조,0,11.0,9.0,550.32,306.0,0.0,0.0,9.0,4.0,1,0.0,0.0,0.0,232.52,5.0,11.0,0,1,11.0,2.302585092994046,6.312315402826238,0.0,1,4.0,0.015980477791176794,-4.120277897284708,True
2102,대조,0,2.0,17.0,848.5,281.0,0.0,0.0,0.0,3.0,1,0.0,0.0,0.0,608.35,14.0,2.0,0,1,2.0,2.8903717578961645,6.744647941111987,0.0,0,3.0,0.07796929631540457,-2.470263411966248,True
2107,대조,0,1.0,10.0,490.84000000000003,220.0,0.0,0.0,0.0,4.0,1,0.0,0.0,0.0,102.79,5.0,1.0,0,1,1.0,2.3978952727983707,6.198153460350231,0.0,0,4.0,0.031124155071796236,-3.4381522685439885,True
2108,대조,0,2.0,15.0,164.52,98.0,0.0,0.0,0.0,2.0,0,0.0,0.0,0.0,81.66,6.0,2.0,0,1,2.0,2.772588722239781,5.109092033437288,0.0,0,2.0,0.003828332605241523,-5.561490242267042,False
2109,대조,0,5.0,23.0,476.37,227.0,0.0,0.0,0.0,4.0,0,0.0,0.0,0.0,336.94,13.0,5.0,0,1,5.0,3.1780538303479458,6.168291871544769,0.0,0,4.0,0.015764539946509833,-4.13410204648138,True
2111,대조,0,10.0,12.0,187.67000000000002,28616.0,3.0,14.759999999999998,0.0,5.0,1,0.0,0.0,0.0,47.75,3.0,10.0,0,1,10.0,2.5649493574615367,5.239999457223521,0.07864869185272018,0,5.0,0.02252751568222967,-3.770232661163836,True
2114,대조,0,7.0,15.0,330.12,127.0,0.0,0.0,0.0,5.0,0,0.0,0.0,0.0,139.3,7.0,7.0,0,1,7.0,2.772588722239781,5.802480847440477,0.0,0,5.0,0.008040086082264404,-4.815242907228409,False
2117,대조,0,4.0,8.0,192.37,112.0,0.0,0.0,0.0,4.0,0,0.0,0.0,0.0,38.88,1.0,4.0,0,1,4.0,2.1972245773362196,5.264605452062501,0.0,0,4.0,0.0034025434432683847,-5.679823710217986,False
2121,대조,0,3.0,24.0,953.64,111654.0,0.0,0.0,0.0,4.0,1,3.0,1.0,1.0,572.15,14.0,3.0,1,1,3.0,3.2188758248682006,6.8613343060614005,0.0,0,4.0,0.09441736405242561,-2.2608535357092716,True
2123,대조,0,5.0,11.0,965.34,381.0,5.0,3.99,4.0,3.0,1,0.0,0.0,0.0,556.58,7.0,5.0,0,1,5.0,2.4849066497880004,6.873515739160414,0.004133258748213065,1,3.0,0.0378396820532663,-3.235822745702754,True
2124,대조,0,7.0,23.0,1004.61,148748.0,0.0,0.0,10.0,8.0,1,0.0,0.0,0.0,623.71,18.0,7.0,0,1,7.0,3.1780538303479458,6.913349601538447,0.0,1,6.0,0.04018889788257598,-3.1731457110654917,True
2128,대조,0,,0.0,0.0,0.0,0.0,0.0,0.0,2.0,0,0.0,0.0,0.0,47.27,2.0,90.0,0,1,90.0,0.0,0.0,0.0,0,2.0,2.8063103242071947e-06,-12.7836371829959,False
2129,대조,0,9.0,24.0,1197.36,70034.0,3.0,12.99,0.0,8.0,1,0.0,0.0,0.0,438.31,5.0,9.0,0,1,9.0,3.2188758248682006,7.088709234368786,0.010848867508518743,0,6.0,0.12612408128502003,-1.9356722016583952,True
2130,대조,0,1.0,21.0,1923.93,841.0,0.0,0.0,7.0,3.0,1,24.2,10.0,7.0,427.35,6.0,1.0,1,1,1.0,3.091042453358316,7.5626448824243475,0.0,1,3.0,0.10144423824845879,-2.1812794945779146,True
2137,대조,0,4.0,27.0,389.88,52143.0,0.0,0.0,0.0,3.0,0,0.0,0.0,0.0,99.93,5.0,4.0,0,1,4.0,3.332204510175204,5.96840060750943,0.0,0,3.0,0.013607878368984814,-4.283405047971781,True
2138,대조,0,2.0,7.0,253.63,141.0,0.0,0.0,0.0,3.0,0,0.0,0.0,0.0,36.510000000000005,2.0,2.0,0,1,2.0,2.0794415416798357,5.53981151107484,0.0,0,3.0,0.004952949799808458,-5.30280670442946,False
2142,대조,0,3.0,18.0,1258.21,12305.0,0.0,0.0,0.0,5.0,0,0.0,0.0,0.0,848.17,16.0,3.0,0,1,3.0,2.9444389791664403,7.138239819181796,0.0,0,5.0,0.04687073986178116,-3.0123569322272,True
2145,대조,0,2.0,8.0,72.17,23.0,0.0,0.0,0.0,1.0,0,0.0,0.0,0.0,16.05,1.0,2.0,0,1,2.0,2.1972245773362196,4.292785500895938,0.0,0,1.0,0.0011386588488229384,-6.776764849921973,False
2146,대조,0,50.0,3.0,235.42000000000002,105.0,0.0,0.0,0.0,2.0,0,0.0,0.0,0.0,95.76,7.0,50.0,0,1,50.0,1.3862943611198906,5.465609884322231,0.0,0,2.0,0.004956195433071805,-5.302148364260196,False
2147,대조,0,5.0,14.0,980.98,18012.0,0.0,0.0,3.0,4.0,1,0.0,0.0,0.0,635.95,16.0,5.0,0,1,5.0,2.70805020110221,6.8895709415482855,0.0,1,4.0,0.037360539671101776,-3.2490638910997633,True
2148,대조,0,4.0,15.0,411.13,243.0,0.0,0.0,1.0,5.0,1,0.0,0.0,0.0,219.07,7.0,4.0,0,1,4.0,2.772588722239781,6.0213388335597315,0.0,1,5.0,0.01159066917002426,-4.445896521878639,True
2149,대조,0,2.0,22.0,642.33,65396.0,0.0,0.0,0.0,4.0,0,0.0,0.0,0.0,100.53,3.0,2.0,0,1,2.0,3.1354942159291497,6.466657811870248,0.0,0,4.0,0.02248734616648942,-3.7720584784660858,True
2154,대조,0,2.0,21.0,364.55,206.0,1.0,7.29,0.0,3.0,1,0.0,0.0,0.0,268.84,14.0,2.0,0,1,2.0,3.091042453358316,5.901403068739325,0.019997256892058703,0,3.0,0.03599336681526237,-3.287763509136456,True
2158,대조,0,11.0,18.0,545.44,49083.0,0.0,0.0,6.0,1.0,1,0.0,0.0,0.0,472.51,13.0,11.0,0,1,11.0,2.9444389791664403,6.303424512019286,0.0,1,1.0,0.023965520311858873,-3.7068817696393745,True
2159,대조,0,12.0,7.0,197.92000000000002,95.0,0.0,0.0,0.0,1.0,0,0.0,0.0,0.0,133.34,17.0,12.0,0,1,12.0,2.0794415416798357,5.292902733846538,0.0,0,1.0,0.004325706976825886,-5.438844599191385,False
2161,대조,0,3.0,16.0,907.04,30102.0,23.0,89.76,0.0,1.0,0,22.96,5.0,5.0,421.1,5.0,3.0,1,1,3.0,2.833213344056216,6.811288430494431,0.09895925207267596,0,1.0,0.10922087012194376,-2.098724343210042,True
2162,대조,0,5.0,35.0,3256.77,99207.0,3.0,21.17,1.0,7.0,1,22.37,3.0,3.0,1293.0,21.0,5.0,1,1,5.0,3.58351893845611,8.088798191212678,0.006500305517429847,1,6.0,0.19548742795284305,-1.4147405232554835,True
2164,대조,0,,0.0,0.0,0.0,0.0,0.0,0.0,3.0,0,0.0,0.0,0.0,0.0,0.0,90.0,0,0,90.0,0.0,0.0,0.0,0,3.0,2.626219445508066e-06,-12.84996259289831,False
2167,대조,0,86.0,2.0,13.49,6.0,0.0,0.0,0.0,8.0,0,0.0,0.0,0.0,24.29,5.0,86.0,0,1,86.0,1.0986122886681098,2.673458756332591,0.0,0,6.0,0.00010604516639637193,-9.151539405737651,False
2173,대조,0,3.0,27.0,503.41,206.0,1.0,4.78,0.0,1.0,1,8.68,2.0,2.0,135.22,8.0,3.0,1,1,3.0,3.332204510175204,6.223389429429531,0.009495242446514769,0,1.0,0.05965642963014943,-2.7576433768701802,True
2176,대조,0,77.0,1.0,7.28,5.0,0.0,0.0,0.0,3.0,0,0.0,0.0,0.0,50.9,4.0,77.0,0,1,77.0,0.6931471805599453,2.1138429683971687,0.0,0,3.0,5.083292531914883e-05,-9.886915442908322,False
2179,대조,0,18.0,4.0,222.1,62.0,0.0,0.0,0.0,1.0,1,0.0,0.0,0.0,130.5,6.0,18.0,0,1,18.0,1.6094379124341003,5.407620101438487,0.0,0,1.0,0.011387089039467793,-4.463822687435936,True
2181,대조,0,13.0,19.0,1659.28,547.0,7.0,68.03,0.0,1.0,1,0.0,0.0,0.0,333.62,3.0,13.0,0,1,13.0,2.995732273553991,7.414741541825406,0.04099971071790174,0,1.0,0.2916062065259256,-0.8875958602501908,True
2182,대조,0,7.0,8.0,134.02,49.0,0.0,0.0,0.0,4.0,1,0.0,0.0,0.0,43.12,5.0,7.0,0,1,7.0,2.1972245773362196,4.905422915613724,0.0,0,4.0,0.005580953790713069,-5.182799001460159,False
2183,대조,0,2.0,37.0,750.5,95741.0,6.0,24.98,0.0,5.0,1,2.37,3.0,3.0,317.11,15.0,2.0,1,1,2.0,3.6375861597263857,6.622071209193029,0.03328447701532312,0,5.0,0.10668716552724741,-2.1250359726077854,True
2184,대조,0,1.0,18.0,326.77,13131.0,1.0,1.99,0.0,5.0,1,0.0,0.0,0.0,407.8,19.0,1.0,0,1,1.0,2.9444389791664403,5.792312142902554,0.0060899103344860305,0,5.0,0.02232732283000005,-3.77936376060798,True
2187,대조,0,29.0,2.0,215.64,128.0,0.0,0.0,0.0,1.0,0,0.0,0.0,0.0,158.54,2.0,29.0,0,1,29.0,1.0986122886681098,5.37823698972391,0.0,0,1.0,0.0037820463693614423,-5.5737008318905765,False
2188,대조,0,8.0,14.0,533.24,34207.0,5.0,21.48,0.0,5.0,1,0.0,0.0,0.0,449.06,13.0,8.0,0,1,8.0,2.70805020110221,6.280845176195345,0.04028204935863776,0,5.0,0.05787778968956688,-2.789801287874002,True
2200,대조,0,3.0,28.0,1214.3,68448.0,0.0,0.0,10.0,11.0,1,0.0,0.0,0.0,680.33,11.0,3.0,0,1,3.0,3.367295829986474,7.102746238876755,0.0,1,6.0,0.05319125664548558,-2.8792030781626123,True
2203,대조,0,43.0,6.0,236.71,69.0,2.0,21.380000000000003,0.0,5.0,1,45.97,3.0,2.0,593.7,8.0,43.0,1,1,43.0,1.9459101490553132,5.471051443317165,0.09032149043132948,0,5.0,0.03354531728469958,-3.3607371300655124,True
2204,대조,0,3.0,18.0,233.57,161.0,0.0,0.0,0.0,2.0,0,0.0,0.0,0.0,253.65,15.0,3.0,0,1,3.0,2.9444389791664403,5.457754050804533,0.0,0,2.0,0.006468200133992882,-5.034368185985168,False
2205,대조,0,33.0,8.0,119.25,71.0,0.0,0.0,0.0,4.0,0,0.0,0.0,0.0,192.63,8.0,33.0,0,1,33.0,2.1972245773362196,4.78957290898587,0.0,0,4.0,0.0021492102852335424,-6.140503290358668,False
2210,대조,0,11.0,1.0,12.79,1.0,0.0,0.0,0.0,3.0,0,0.0,0.0,0.0,0.0,0.0,11.0,0,0,11.0,0.6931471805599453,2.6239436918052106,0.0,0,3.0,6.819059354172385e-05,-9.59313573431686,False
2211,대조,0,10.0,10.0,337.67,151.0,0.0,0.0,0.0,2.0,0,0.0,0.0,0.0,567.26,17.0,10.0,0,1,10.0,2.3978952727983707,5.825026181941565,0.0,0,2.0,0.009002491791257169,-4.701210615194554,False
2213,대조,0,18.0,5.0,178.04,72.0,0.0,0.0,0.0,3.0,0,0.0,0.0,0.0,51.76,4.0,18.0,0,1,18.0,1.791759469228055,5.187609244563615,0.0,0,3.0,0.0030870578482489366,-5.777444961687461,False
2215,대조,0,4.0,14.0,270.29,125.0,0.0,0.0,0.0,5.0,0,0.0,0.0,0.0,211.85,8.0,4.0,0,1,4.0,2.70805020110221,5.603188359420499,0.0,0,5.0,0.005948402234227544,-5.118666463096686,False
2217,대조,0,3.0,29.0,490.73,37943.0,2.0,12.28,0.0,7.0,1,21.97,5.0,4.0,276.43,11.0,3.0,1,1,3.0,3.4011973816621555,6.197929785369379,0.025023943920282028,0,6.0,0.0510323673552836,-2.922914605784284,True
2221,대조,0,2.0,13.0,268.73,136.0,0.0,0.0,0.0,4.0,1,0.0,0.0,0.0,180.27,6.0,2.0,0,1,2.0,2.6390573296152584,5.597421458664791,0.0,0,4.0,0.015652345079778387,-4.141358391385767,True
2223,대조,0,14.0,16.0,158.07,49.0,0.0,0.0,0.0,3.0,0,0.0,0.0,0.0,4.8500000000000005,2.0,14.0,0,1,14.0,2.833213344056216,5.069344356910269,0.0,0,3.0,0.0037217820179268556,-5.5898239632405815,False
2228,대조,0,,0.0,0.0,0.0,0.0,0.0,0.0,6.0,0,28.97,5.0,4.0,68.96,3.0,90.0,1,1,90.0,0.0,0.0,0.0,0,6.0,2.1523700481703245e-06,-13.048938822605537,False
2230,대조,0,3.0,10.0,331.04,134.0,0.0,0.0,0.0,1.0,0,0.0,0.0,0.0,1.5,1.0,3.0,0,1,3.0,2.3978952727983707,5.805255443586835,0.0,0,1.0,0.009001168524138336,-4.701358950269303,False
2231,대조,0,22.0,8.0,533.94,199.0,8.0,21.67,4.0,3.0,1,16.98,2.0,2.0,615.21,11.0,22.0,1,1,22.0,2.1972245773362196,6.282154591074067,0.040585084466419445,1,3.0,0.026381438093456947,-3.608358946380954,True
2234,대조,0,1.0,38.0,1513.71,78908.0,0.0,0.0,3.0,4.0,1,0.0,0.0,0.0,791.72,21.0,1.0,0,1,1.0,3.6635616461296463,7.322979280478573,0.0,1,4.0,0.0860681750458677,-2.362616263608401,True
2235,대조,0,7.0,21.0,707.07,116597.0,3.0,7.27,0.0,5.0,1,0.0,0.0,0.0,240.52,5.0,7.0,0,1,7.0,3.091042453358316,6.562542958862895,0.010281867424724566,0,5.0,0.06737477007392895,-2.6277328207366275,True
2236,대조,0,7.0,13.0,99.41,38.0,0.0,0.0,0.0,6.0,0,0.0,0.0,0.0,15.96,3.0,7.0,0,1,7.0,2.6390573296152584,4.609261803891345,0.0,0,6.0,0.001492781898718534,-6.505619956461469,False
2237,대조,0,6.0,22.0,820.53,20960.0,0.0,0.0,5.0,6.0,1,0.0,0.0,0.0,320.29,12.0,6.0,0,1,6.0,3.1354942159291497,6.711168455374139,0.0,1,6.0,0.030439097045006795,-3.4611154225246406,True
2238,대조,0,3.0,47.0,747.31,417.0,2.0,8.58,0.0,3.0,0,0.0,0.0,0.0,130.72,9.0,3.0,0,1,3.0,3.871201010907891,6.617817330621235,0.011481179162596514,0,3.0,0.042653683805745156,-3.111051559747957,True
2239,대조,0,35.0,3.0,201.73,88.0,0.0,0.0,0.0,1.0,0,0.0,0.0,0.0,163.4,4.0,35.0,0,1,35.0,1.3862943611198906,5.311875044480103,0.0,0,1.0,0.00396824290963043,-5.52545573701148,False
2241,대조,0,15.0,10.0,116.13,92.0,0.0,0.0,0.0,1.0,0,0.0,0.0,0.0,138.39,13.0,15.0,0,1,15.0,2.3978952727983707,4.763284429081783,0.0,0,1.0,0.0024497849495181616,-6.009302243402447,False
2243,대조,0,23.0,9.0,919.44,335.0,3.0,12.48,0.0,2.0,1,10.98,2.0,2.0,413.17,6.0,23.0,1,1,23.0,2.302585092994046,6.824851816582373,0.01357347950926651,0,2.0,0.09704895521221897,-2.2304527938821104,True
2244,대조,0,6.0,41.0,550.82,298.0,0.0,0.0,0.0,9.0,0,0.0,0.0,0.0,743.75,40.0,6.0,0,1,6.0,3.7376696182833684,6.313221906142662,0.0,0,6.0,0.020387146506646855,-3.872252817090006,True
2245,대조,0,5.0,34.0,810.22,53918.0,0.0,0.0,0.0,5.0,0,0.0,0.0,0.0,1185.62,42.0,5.0,0,1,5.0,3.5553480614894135,6.698539287365341,0.0,0,5.0,0.033352958137478766,-3.366686957376331,True
2247,대조,0,2.0,29.0,897.86,285.0,0.0,0.0,0.0,1.0,0,0.0,0.0,0.0,488.9,21.0,2.0,0,1,2.0,3.4011973816621555,6.801127293757346,0.0,0,1.0,0.04576414388674933,-3.037409969585383,True
2248,대조,0,3.0,8.0,245.20000000000002,99.0,2.0,17.48,0.0,1.0,0,0.0,0.0,0.0,88.7,2.0,3.0,0,1,3.0,2.1972245773362196,5.506144213750353,0.07128874388254486,0,1.0,0.012606975674916641,-4.360817875352758,True
2250,대조,0,5.0,7.0,229.72,6529.0,0.0,0.0,0.0,1.0,1,0.0,0.0,0.0,141.03,7.0,5.0,0,1,5.0,2.0794415416798357,5.4412048540965845,0.0,0,1.0,0.013012522628550922,-4.328745178860836,True
2251,대조,0,2.0,8.0,572.44,279.0,0.0,0.0,0.0,1.0,0,0.0,0.0,0.0,141.26,1.0,2.0,0,1,2.0,2.1972245773362196,6.351653310346511,0.0,0,1.0,0.01702844978386842,-4.055694715948325,True
2252,처치,1,2.0,104.0,1989.51,164906.0,13.0,42.22,0.0,0.0,1,56.25,40.0,34.0,1074.33,54.0,2.0,1,1,2.0,4.653960350157523,7.596146166291104,0.021221305748651678,0,0.0,0.42937989873080074,-0.28438159456947165,True
2254,대조,0,90.0,1.0,4.5,2.0,0.0,0.0,0.0,2.0,1,0.0,0.0,0.0,0.0,0.0,90.0,0,0,90.0,0.6931471805599453,1.7047480922384253,0.0,0,2.0,8.854626646590601e-05,-9.331896807442412,False
2258,대조,0,33.0,5.0,297.2,106.0,0.0,0.0,0.0,1.0,0,2.0,1.0,1.0,222.13,6.0,33.0,1,1,33.0,1.791759469228055,5.697764402330638,0.0,0,1.0,0.007509086227357475,-4.8841040733774435,False
2260,대조,0,1.0,12.0,628.27,69196.0,35.0,57.38,4.0,4.0,1,38.48,65.0,19.0,327.71,7.0,1.0,1,1,1.0,2.5649493574615367,6.444560417380015,0.09133016059974215,1,4.0,0.05328386239194997,-2.877365783212317,True
2262,대조,0,8.0,18.0,238.46,129.0,0.0,0.0,0.0,7.0,0,0.0,0.0,0.0,146.52,13.0,8.0,0,1,8.0,2.9444389791664403,5.478386388288698,0.0,0,6.0,0.005253547939714391,-5.243584236240273,False
2263,대조,0,1.0,30.0,356.76,239.0,0.0,0.0,0.0,7.0,0,0.0,0.0,0.0,493.32,22.0,1.0,0,1,1.0,3.4339872044851463,5.87986237052668,0.0,0,6.0,0.010142549678522057,-4.580821529045484,True
2269,대조,0,10.0,28.0,429.93,11068.0,0.0,0.0,0.0,4.0,1,0.0,0.0,0.0,321.04,22.0,10.0,0,1,10.0,3.367295829986474,6.0659456639202896,0.0,0,4.0,0.03844129014279379,-3.2194234778121023,True
2273,대조,0,31.0,7.0,225.2,82.0,0.0,0.0,0.0,1.0,0,0.0,0.0,0.0,136.04,6.0,31.0,0,1,31.0,2.0794415416798357,5.42141956368202,0.0,0,1.0,0.005711833175337903,-5.159487052291595,False
2274,대조,0,4.0,15.0,1516.22,45062.0,2.0,10.99,0.0,6.0,0,5.0,10.0,3.0,1306.06,15.0,4.0,1,1,4.0,2.772588722239781,7.324634991905556,0.007248288506944902,0,6.0,0.057048134587747726,-2.805119859304048,True
2278,대조,0,11.0,5.0,103.94,26.0,0.0,0.0,0.0,3.0,0,0.0,0.0,0.0,102.97,3.0,11.0,0,1,11.0,1.791759469228055,4.653388758258566,0.0,0,3.0,0.0014658792463811865,-6.5238330936652345,False
2281,대조,0,5.0,29.0,1867.3500000000001,663.0,5.0,28.32,0.0,2.0,0,13.06,4.0,3.0,1006.25,14.0,5.0,1,1,5.0,3.4011973816621555,7.532810967404964,0.015165876777251184,0,2.0,0.12478920394134467,-1.9478388218116929,True
2282,대조,0,6.0,11.0,119.25,64.0,1.0,12.69,1.0,2.0,1,0.0,0.0,0.0,209.66,14.0,6.0,0,1,6.0,2.4849066497880004,4.78957290898587,0.10641509433962264,1,2.0,0.008486816320789448,-4.76071830623834,False
2286,대조,0,34.0,3.0,178.03,47.0,0.0,0.0,0.0,1.0,0,0.0,0.0,0.0,4.29,1.0,34.0,0,1,34.0,1.3862943611198906,5.187553389563182,0.0,0,1.0,0.0033497074780413907,-5.695526926637214,False
2288,대조,0,17.0,5.0,84.22,39.0,0.0,0.0,0.0,4.0,0,0.0,0.0,0.0,60.99,5.0,17.0,0,1,17.0,1.791759469228055,4.445236148071766,0.0,0,4.0,0.0010789585249048842,-6.830679490882244,False
2289,대조,0,4.0,22.0,614.57,239.0,0.0,0.0,0.0,3.0,0,0.0,0.0,0.0,205.41,8.0,4.0,0,1,4.0,3.1354942159291497,6.422548667833766,0.0,0,3.0,0.022921260681668228,-3.7525023478545876,True
2293,대조,0,47.0,8.0,524.33,21248.0,0.0,0.0,0.0,1.0,0,0.0,0.0,0.0,393.62,7.0,47.0,0,1,47.0,2.1972245773362196,6.264026636551919,0.0,0,1.0,0.019605393383295294,-3.9121504494313366,True
2294,대조,0,8.0,12.0,373.78000000000003,207.0,1.0,3.99,0.0,6.0,1,0.0,0.0,0.0,8.24,1.0,8.0,0,1,8.0,2.5649493574615367,5.92633918714752,0.010674728449890309,0,6.0,0.02389132955483092,-3.7100583098999524,True
2298,대조,0,12.0,11.0,465.18,194.0,0.0,0.0,0.0,2.0,1,0.0,0.0,0.0,213.38,6.0,12.0,0,1,12.0,2.4849066497880004,6.144571825638524,0.0,0,2.0,0.036184859973468694,-3.2822587141927313,True
2299,대조,0,2.0,5.0,189.74,123.0,2.0,6.08,0.0,1.0,0,1.99,1.0,1.0,251.51,6.0,2.0,1,1,2.0,1.791759469228055,5.250911244150767,0.03204384947823337,0,1.0,0.005012476451019005,-5.290800103362644,False
2301,대조,0,9.0,11.0,225.41,78.0,1.0,2.99,0.0,5.0,0,13.68,2.0,2.0,594.47,10.0,9.0,1,1,9.0,2.4849066497880004,5.422347514964887,0.01326471762565991,0,5.0,0.0051818091258980705,-5.257405750322216,False
2302,대조,0,8.0,12.0,217.04,132.0,0.0,0.0,0.0,2.0,1,0.0,0.0,0.0,267.81,7.0,8.0,0,1,8.0,2.5649493574615367,5.38467853219608,0.0,0,2.0,0.01363470019514047,-4.2814087444395925,True
2303,대조,0,12.0,5.0,219.74,89.0,0.0,0.0,0.0,3.0,0,0.0,0.0,0.0,191.82,7.0,12.0,0,1,12.0,1.791759469228055,5.396985538344738,0.0,0,3.0,0.003929496612843282,-5.535306712270524,False
2310,대조,0,4.0,17.0,225.93,117.0,0.0,0.0,0.0,1.0,0,0.0,0.0,0.0,54.13,7.0,4.0,0,1,4.0,2.8903717578961645,5.424641599881531,0.0,0,1.0,0.0065280757351086835,-5.025093582997562,False
2314,대조,0,2.0,14.0,757.78,333.0,0.0,0.0,1.0,4.0,1,0.0,0.0,0.0,279.61,4.0,2.0,0,1,2.0,2.70805020110221,6.631711880307066,0.0,1,4.0,0.02641251953688751,-3.607149559950469,True
2316,대조,0,82.0,1.0,34.23,9.0,0.0,0.0,0.0,1.0,0,0.0,0.0,0.0,0.0,0.0,82.0,0,0,82.0,0.6931471805599453,3.561897992353146,0.0,0,1.0,0.0004048259707983433,-7.811648377003513,False
2319,대조,0,2.0,8.0,153.79,58.0,0.0,0.0,0.0,2.0,0,0.0,0.0,0.0,18.05,3.0,2.0,0,1,2.0,2.1972245773362196,5.042069359585786,0.0,0,2.0,0.002863591200978401,-5.852811078037785,False
2327,대조,0,32.0,1.0,20.01,9444.0,0.0,0.0,0.0,1.0,0,0.0,0.0,0.0,10.01,1.0,32.0,0,1,32.0,0.6931471805599453,3.044998514856909,0.0,0,1.0,0.00015329818939161058,-8.782972273098661,False
2329,대조,0,78.0,1.0,7.11,16.0,0.0,0.0,0.0,5.0,0,0.0,0.0,0.0,0.0,0.0,78.0,0,0,78.0,0.6931471805599453,2.0930978681273213,0.0,0,5.0,4.356468010142163e-05,-10.041220259696896,False
2330,대조,0,10.0,3.0,362.72,20600.0,2.0,12.98,0.0,6.0,1,12.53,7.0,6.0,764.22,8.0,10.0,1,1,10.0,1.3862943611198906,5.896384340857712,0.0357851786501985,0,6.0,0.020445356462308367,-3.8693422341561035,True
2331,대조,0,5.0,11.0,575.74,39508.0,0.0,0.0,0.0,8.0,1,0.0,0.0,0.0,575.94,7.0,5.0,0,1,5.0,2.4849066497880004,6.357391558368655,0.0,0,6.0,0.035344284334866964,-3.3066345749194808,True
2336,대조,0,1.0,12.0,268.94,165.0,0.0,0.0,0.0,2.0,0,0.0,0.0,0.0,275.35,5.0,1.0,0,1,1.0,2.5649493574615367,5.5981997120811355,0.0,0,2.0,0.0067328693655047235,-4.993998234346322,False
2338,대조,0,19.0,8.0,286.87,112.0,0.0,0.0,0.0,1.0,0,3.99,1.0,1.0,212.75,6.0,19.0,1,1,19.0,2.1972245773362196,5.6625089893404255,0.0,0,1.0,0.007626178580363551,-4.868512993942867,False
2342,대조,0,3.0,31.0,971.93,114801.0,0.0,0.0,2.0,2.0,1,9.99,1.0,1.0,460.34000000000003,14.0,3.0,1,1,3.0,3.4657359027997265,6.8803121371519795,0.0,1,2.0,0.05349487273475067,-2.8731905751379845,True
2343,대조,0,1.0,42.0,634.57,41381.0,1.0,7.99,0.0,5.0,1,1.79,1.0,1.0,325.29,19.0,1.0,1,1,1.0,3.7612001156935624,6.454522234052091,0.012591203492128528,0,5.0,0.0729113091443601,-2.5428054768516173,True
2344,대조,0,12.0,9.0,320.25,9207.0,10.0,28.580000000000002,0.0,3.0,0,40.730000000000004,7.0,7.0,271.69,4.0,12.0,1,1,12.0,2.302585092994046,5.77221963620943,0.08924277907884466,0,3.0,0.02084279473565076,-3.8496838947370664,True
2345,대조,0,1.0,16.0,783.4,334.0,1.0,6.99,0.0,5.0,0,37.74,7.0,7.0,445.05,11.0,1.0,1,1,1.0,2.833213344056216,6.664919094322191,0.0089226448812867,0,5.0,0.026917775576487935,-3.5876817142293085,True
2346,대조,0,1.0,4.0,274.77,111.0,1.0,4.99,0.0,1.0,0,0.0,0.0,0.0,55.91,1.0,1.0,0,1,1.0,1.6094379124341003,5.619567184968573,0.01816064344724679,0,1.0,0.00649210101111593,-5.030655803775577,False
2347,대조,0,1.0,16.0,492.77,26831.0,0.0,0.0,1.0,1.0,1,0.0,0.0,0.0,664.8000000000001,18.0,1.0,0,1,1.0,2.833213344056216,6.202069821724086,0.0,1,1.0,0.019120986776175755,-3.93766260598837,True
2350,대조,0,4.0,1.0,13.73,11.0,0.0,0.0,0.0,3.0,0,0.0,0.0,0.0,440.92,7.0,4.0,0,1,4.0,0.6931471805599453,2.689886230474539,0.0,0,3.0,7.145809666837009e-05,-9.546327879997259,False
2356,대조,0,42.0,2.0,36.26,25.0,0.0,0.0,0.0,2.0,0,0.0,0.0,0.0,0.0,0.0,42.0,0,0,42.0,1.0986122886681098,3.6179203651734424,0.0,0,2.0,0.00037373258336253915,-7.89159623160528,False
2358,대조,0,14.0,8.0,402.0,117.0,0.0,0.0,0.0,2.0,0,0.0,0.0,0.0,85.28,3.0,14.0,0,1,14.0,2.1972245773362196,5.998936561946683,0.0,0,2.0,0.010782162702021036,-4.519021400460917,True
2359,대조,0,4.0,23.0,310.85,21671.0,0.0,0.0,0.0,4.0,1,0.0,0.0,0.0,66.61,7.0,4.0,0,1,4.0,3.1780538303479458,5.742522302972132,0.0,0,4.0,0.023019280132122927,-3.7481347864396533,True
2369,대조,0,4.0,11.0,303.06,24804.0,1.0,8.99,0.0,3.0,0,0.0,0.0,0.0,213.9,5.0,4.0,0,1,4.0,2.4849066497880004,5.71722505035269,0.02966409291889395,0,3.0,0.010167816847260435,-4.578307895729253,True
2370,대조,0,5.0,23.0,752.95,33757.0,2.0,4.49,6.0,5.0,1,2.69,1.0,1.0,528.61,18.0,5.0,1,1,5.0,3.1780538303479458,6.625326052811805,0.005963211368616774,1,5.0,0.03132415059340418,-3.4315406507083352,True
2371,대조,0,4.0,7.0,75.8,24.0,0.0,0.0,0.0,6.0,0,0.0,0.0,0.0,192.76,5.0,4.0,0,1,4.0,2.0794415416798357,4.341204640153626,0.0,0,6.0,0.0008458047059775536,-7.074375906404193,False
2373,대조,0,74.0,7.0,57.61,2815.0,0.0,0.0,0.0,2.0,0,0.0,0.0,0.0,48.63,3.0,74.0,0,1,74.0,2.0794415416798357,4.070905330488338,0.0,0,2.0,0.001154571830967476,-6.762870473994563,False
2375,대조,0,4.0,28.0,583.94,211.0,0.0,0.0,1.0,2.0,0,0.0,0.0,0.0,359.56,10.0,4.0,0,1,4.0,3.367295829986474,6.371509277869235,0.0,1,2.0,0.01067616412480448,-4.529008111043536,True
2376,대조,0,1.0,39.0,1115.76,62306.0,25.0,55.54,0.0,3.0,1,29.68,44.0,15.0,538.85,29.0,1.0,1,1,1.0,3.6888794541139363,7.0181869147477665,0.049777729977772994,0,3.0,0.219266127488526,-1.2699481534670234,True
2377,대조,0,1.0,16.0,193.41,24870.0,0.0,0.0,0.0,2.0,0,0.0,0.0,0.0,64.62,7.0,1.0,0,1,1.0,2.833213344056216,5.269969331032549,0.0,0,2.0,0.0048050537837808155,-5.333270408158811,False
2379,대조,0,23.0,4.0,110.0,38.0,0.0,0.0,0.0,2.0,0,0.0,0.0,0.0,180.27,4.0,23.0,0,1,23.0,1.6094379124341003,4.709530201312334,0.0,0,2.0,0.0016949718582540312,-6.378392731139234,False
2380,대조,0,1.0,34.0,1145.58,193846.0,1.0,10.99,8.0,6.0,1,0.0,0.0,0.0,543.95,17.0,1.0,0,1,1.0,3.5553480614894135,7.044538877447568,0.009593393739415843,1,6.0,0.05771154404143766,-2.792854220673216,True
2384,대조,0,,0.0,0.0,0.0,0.0,0.0,0.0,1.0,0,0.0,0.0,0.0,10.14,1.0,90.0,0,1,90.0,0.0,0.0,0.0,0,1.0,2.998750752517713e-06,-12.717311773093492,False
2385,대조,0,25.0,18.0,558.79,44827.0,0.0,0.0,0.0,3.0,0,0.0,0.0,0.0,136.64000000000001,6.0,25.0,0,1,25.0,2.9444389791664403,6.3275617133991116,0.0,0,3.0,0.021366552776173397,-3.824330411961804,True
2388,대조,0,31.0,10.0,315.46,156.0,0.0,0.0,0.0,1.0,0,0.0,0.0,0.0,180.16,6.0,31.0,0,1,31.0,2.3978952727983707,5.757196851290837,0.0,0,1.0,0.009917390150903083,-4.603498586883442,True
2390,대조,0,35.0,7.0,162.06,15100.0,1.0,19.99,0.0,2.0,1,0.0,0.0,0.0,0.0,0.0,35.0,0,0,35.0,2.0794415416798357,5.094118231234765,0.12334937677403429,0,2.0,0.03607882929198514,-3.2853032710358736,True
2391,대조,0,52.0,4.0,53.07,27.0,0.0,0.0,0.0,2.0,0,0.0,0.0,0.0,0.0,0.0,52.0,0,0,52.0,1.6094379124341003,3.9902795033939134,0.0,0,2.0,0.0007750254381583093,-7.1618393797938875,False
2394,대조,0,28.0,8.0,114.44,47.0,1.0,2.99,0.0,1.0,0,3.29,1.0,1.0,59.79,5.0,28.0,1,1,28.0,2.1972245773362196,4.7487509144656155,0.02612722824187347,0,1.0,0.003240796066516566,-5.728690220995434,False
2398,대조,0,14.0,10.0,190.43,88.0,0.0,0.0,1.0,1.0,0,0.0,0.0,0.0,0.0,0.0,14.0,0,0,14.0,2.3978952727983707,5.254522206548366,0.0,1,1.0,0.001979588254155312,-6.222884858118935,False
2405,대조,0,1.0,26.0,608.71,67414.0,0.0,0.0,0.0,3.0,1,0.0,0.0,0.0,308.68,14.0,1.0,0,1,1.0,3.295836866004329,6.412983434288206,0.0,0,3.0,0.058884274366543934,-2.7714920472421034,True
2406,대조,0,6.0,18.0,821.37,321.0,0.0,0.0,0.0,6.0,1,0.0,0.0,0.0,469.91,9.0,6.0,0,1,6.0,2.9444389791664403,6.712190415436319,0.0,0,6.0,0.06476508042655224,-2.6700311728084807,True
2410,대조,0,10.0,8.0,295.85,12915.0,0.0,0.0,0.0,4.0,0,0.0,0.0,0.0,314.85,4.0,10.0,0,1,10.0,2.1972245773362196,5.693226960716684,0.0,0,4.0,0.006189069428926227,-5.078762237059821,False
2411,대조,0,75.0,2.0,33.5,10.0,0.0,0.0,0.0,2.0,1,0.0,0.0,0.0,53.870000000000005,2.0,75.0,0,1,75.0,1.0986122886681098,3.5409593240373143,0.0,0,2.0,0.0010597363586369944,-6.848674821784429,False
2415,대조,0,1.0,8.0,80.91,42.0,0.0,0.0,0.0,1.0,0,0.0,0.0,0.0,41.14,4.0,1.0,0,1,1.0,2.1972245773362196,4.40562108352751,0.0,0,1.0,0.001313952199959798,-6.6334009208932905,False
2416,처치,1,5.0,15.0,644.16,52437.0,1.0,11.99,0.0,3.0,0,0.0,0.0,0.0,644.19,14.0,5.0,0,1,5.0,2.772588722239781,6.469498348048981,0.018613387978142076,0,3.0,0.026545979281087668,-3.6019722960841323,True
2419,대조,0,7.0,6.0,53.79,4383.0,0.0,0.0,0.0,2.0,0,0.0,0.0,0.0,85.7,1.0,7.0,0,1,7.0,1.9459101490553132,4.003507695550324,0.0,0,2.0,0.0006851767448761174,-7.285148319681228,False
2420,대조,0,1.0,14.0,926.54,6828.0,0.0,0.0,0.0,5.0,1,0.0,0.0,0.0,65.18,2.0,1.0,0,1,1.0,2.70805020110221,6.832535920236298,0.0,0,5.0,0.07197320860907236,-2.5567666552858843,True
2423,대조,0,6.0,5.0,397.73,14420.0,0.0,0.0,0.0,2.0,0,0.0,0.0,0.0,143.3,4.0,6.0,0,1,6.0,1.791759469228055,5.988284496101351,0.0,0,2.0,0.008818193068141874,-4.7220809940851,False
2424,대조,0,3.0,14.0,446.49,201.0,0.0,0.0,0.0,6.0,0,0.0,0.0,0.0,262.39,8.0,3.0,0,1,3.0,2.70805020110221,6.103654191096511,0.0,0,6.0,0.010672843522196352,-4.529322545412033,True
2425,대조,0,18.0,5.0,169.5,51667.0,1.0,22.98,0.0,3.0,0,99.94,6.0,4.0,375.19,11.0,18.0,1,1,18.0,1.791759469228055,5.1387352967235715,0.13557522123893806,0,3.0,0.013279983810381975,-4.30812840270089,True
2426,대조,0,3.0,22.0,343.99,27283.0,2.0,6.99,0.0,3.0,1,3.69,1.0,1.0,181.52,12.0,3.0,1,1,3.0,3.1354942159291497,5.843515431104025,0.02032035814994622,0,3.0,0.0342510310435112,-3.3391872662213817,True
2429,대조,0,44.0,5.0,151.93,94.0,0.0,0.0,0.0,1.0,0,0.0,0.0,0.0,383.56,5.0,44.0,0,1,44.0,1.791759469228055,5.029980300360032,0.0,0,1.0,0.0033239479425918165,-5.703272578655188,False
2430,대조,0,4.0,10.0,226.95,7981.0,0.0,0.0,0.0,4.0,0,0.0,0.0,0.0,0.0,0.0,4.0,0,0,4.0,2.3978952727983707,5.42912630665945,0.0,0,4.0,0.004533681989893209,-5.391676878036092,False
2438,대조,0,2.0,43.0,605.11,22593.0,10.0,11.08,0.0,3.0,0,34.7,40.0,34.0,683.01,28.0,2.0,1,1,2.0,3.784189633918261,6.407061487748703,0.018310720364892334,0,3.0,0.03393620799411349,-3.3487473424908956,True
2439,대조,0,34.0,5.0,9.69,6.0,0.0,0.0,0.0,1.0,0,0.0,0.0,0.0,16.830000000000002,4.0,34.0,0,1,34.0,1.791759469228055,2.3693087250369538,0.0,0,1.0,9.351066670107892e-05,-9.277341530772954,False
2440,대조,0,2.0,36.0,770.29,38461.0,0.0,0.0,0.0,1.0,0,0.0,0.0,0.0,522.58,24.0,2.0,0,1,2.0,3.6109179126442243,6.6480644377320885,0.0,0,1.0,0.040473063326981765,-3.165803738913927,True
2441,대조,0,4.0,12.0,202.25,123.0,0.0,0.0,2.0,3.0,0,0.0,0.0,0.0,106.77,8.0,4.0,0,1,4.0,2.5649493574615367,5.31443674842792,0.0,1,3.0,0.0018790277339855407,-6.275120003367544,False
2443,대조,0,,0.0,0.0,0.0,0.0,0.0,0.0,6.0,0,0.0,0.0,0.0,0.0,0.0,90.0,0,0,90.0,0.0,0.0,0.0,0,6.0,2.1523700481703245e-06,-13.048938822605537,False
2447,대조,0,14.0,18.0,624.35,194.0,1.0,6.39,0.0,3.0,1,18.89,4.0,4.0,387.53000000000003,9.0,14.0,1,1,14.0,2.9444389791664403,6.438311492994916,0.010234644029790982,0,3.0,0.06469918915719748,-2.6711195312914504,True
2450,대조,0,3.0,20.0,812.12,64717.0,2.0,6.18,0.0,1.0,0,0.0,0.0,0.0,98.32,4.0,3.0,0,1,3.0,3.044522437723423,6.700878700131799,0.007609712850317686,0,1.0,0.03902584921060043,-3.2037232835201275,True
2451,대조,0,2.0,33.0,1706.13,10616.0,3.0,9.57,3.0,9.0,0,0.0,0.0,0.0,308.55,8.0,2.0,0,1,2.0,3.5263605246161616,7.442568876895229,0.005609185700972376,1,6.0,0.036587497762104376,-3.2707750804630393,True
2452,대조,0,8.0,23.0,704.28,311.0,0.0,0.0,0.0,7.0,0,0.0,0.0,0.0,292.82,9.0,8.0,0,1,8.0,3.1780538303479458,6.55859488708444,0.0,0,6.0,0.023347870765046536,-3.7336247363252486,True
2453,대조,0,2.0,21.0,1063.82,375.0,4.0,27.36,0.0,5.0,1,9.280000000000001,2.0,2.0,489.57,14.0,2.0,1,1,2.0,3.091042453358316,6.9705610497745285,0.025718636611456826,0,5.0,0.12535741321743427,-1.9426463676589494,True
2455,대조,0,3.0,23.0,1002.77,37553.0,2.0,14.98,1.0,7.0,1,17.68,2.0,2.0,443.41,11.0,3.0,1,1,3.0,3.1780538303479458,6.911518190342665,0.014938620022537572,1,6.0,0.046106282037399166,-3.029603047983839,True
2456,대조,0,7.0,7.0,117.79,56.0,0.0,0.0,0.0,1.0,0,0.0,0.0,0.0,80.99,3.0,7.0,0,1,7.0,2.0794415416798357,4.777357228301448,0.0,0,1.0,0.0021310133730559322,-6.149024363188552,False
2457,대조,0,19.0,9.0,202.04,99.0,0.0,0.0,0.0,1.0,0,0.0,0.0,0.0,16.53,1.0,19.0,0,1,19.0,2.302585092994046,5.313403003966077,0.0,0,1.0,0.005002624297714915,-5.292777465383484,False
2462,대조,0,3.0,35.0,2116.87,27585.0,1.0,2.39,4.0,9.0,0,1.99,1.0,1.0,1329.42,17.0,3.0,1,1,3.0,3.58351893845611,7.658166145618492,0.0011290254007095383,1,6.0,0.04694844543414011,-3.0106189053098626,True
2466,대조,0,2.0,22.0,238.4,104.0,0.0,0.0,0.0,4.0,0,0.0,0.0,0.0,347.34000000000003,10.0,2.0,0,1,2.0,3.1354942159291497,5.478135793123873,0.0,0,4.0,0.006190541110378337,-5.078522997285244,False
2468,대조,0,12.0,7.0,76.12,59.0,0.0,0.0,0.0,2.0,0,0.0,0.0,0.0,7.16,1.0,12.0,0,1,12.0,2.0794415416798357,4.34536265030229,0.0,0,2.0,0.0011608150519350237,-6.757471400295397,False
2470,대조,0,9.0,9.0,109.27,69.0,2.0,19.9,0.0,2.0,0,0.0,0.0,0.0,177.77,8.0,9.0,0,1,9.0,2.302585092994046,4.702931903770587,0.1821176901253775,0,2.0,0.015321455206460393,-4.163061090276479,True
2472,대조,0,6.0,3.0,165.93,70.0,0.0,0.0,0.0,1.0,0,0.0,0.0,0.0,180.56,7.0,6.0,0,1,6.0,1.3862943611198906,5.117574562867297,0.0,0,1.0,0.0026006506392170546,-5.949389581202642,False
2474,대조,0,4.0,7.0,62.74,53.0,0.0,0.0,0.0,2.0,0,0.0,0.0,0.0,11.51,1.0,4.0,0,1,4.0,2.0794415416798357,4.15481230898919,0.0,0,2.0,0.0008619794740259178,-7.055416748427033,False
2475,대조,0,2.0,21.0,1024.59,373.0,1.0,13.99,1.0,3.0,0,1.0,1.0,1.0,288.99,8.0,2.0,1,1,2.0,3.091042453358316,6.933023335728855,0.01365424218467875,1,3.0,0.021719149594428912,-3.8076024557255814,True
2477,대조,0,26.0,6.0,411.66,199.0,0.0,0.0,0.0,1.0,0,15.48,2.0,2.0,264.3,2.0,26.0,1,1,26.0,1.9459101490553132,6.0226240093570835,0.0,0,1.0,0.011649381716112154,-4.440784404574535,True
2478,대조,0,2.0,15.0,305.29,184.0,12.0,24.27,4.0,5.0,0,22.75,30.0,19.0,338.96,10.0,2.0,1,1,2.0,2.772588722239781,5.724532365574798,0.07949818205640538,1,5.0,0.0073572409895572,-4.904685843099742,False
2481,대조,0,2.0,25.0,946.34,95642.0,7.0,6.4799999999999995,2.0,4.0,0,15.03,22.0,11.0,653.95,18.0,2.0,1,1,2.0,3.258096538021482,6.853658057261852,0.006847433269226704,1,4.0,0.018039848146118937,-3.9969676319927836,True
2482,대조,0,19.0,5.0,194.86,115.0,0.0,0.0,0.0,3.0,0,0.0,0.0,0.0,233.24,3.0,19.0,0,1,19.0,1.791759469228055,5.277400118292649,0.0,0,3.0,0.003494686381175324,-5.65301083383026,False
2483,대조,0,3.0,28.0,616.32,278.0,7.0,26.99,0.0,1.0,1,34.66,46.0,9.0,746.24,18.0,3.0,1,1,3.0,3.367295829986474,6.425387528032631,0.04379218587746624,0,1.0,0.11004593483860903,-2.090271981147908,True
2485,대조,0,7.0,7.0,101.60000000000001,52.0,0.0,0.0,0.0,3.0,0,0.0,0.0,0.0,118.64,6.0,7.0,0,1,7.0,2.0794415416798357,4.630837932736669,0.0,0,3.0,0.0015386345432231688,-6.475320096660058,False
2488,대조,0,9.0,19.0,899.5,63028.0,6.0,36.79,5.0,9.0,1,38.46,4.0,4.0,527.0,7.0,9.0,1,1,9.0,2.995732273553991,6.802950164616011,0.040900500277932184,1,6.0,0.051709499696076376,-2.909019379058931,True
2492,대조,0,2.0,23.0,438.53000000000003,9419.0,0.0,0.0,0.0,1.0,0,0.0,0.0,0.0,572.84,15.0,2.0,0,1,2.0,3.1780538303479458,6.085705974181331,0.0,0,1.0,0.016930476941897817,-4.061564475882075,True
2493,대조,0,,0.0,0.0,0.0,0.0,0.0,0.0,2.0,0,0.0,0.0,0.0,0.0,0.0,90.0,0,0,90.0,0.0,0.0,0.0,0,2.0,2.8063103242071947e-06,-12.7836371829959,False
2494,대조,0,12.0,5.0,221.01,87.0,2.0,16.48,5.0,2.0,1,0.0,0.0,0.0,390.34000000000003,5.0,12.0,0,1,12.0,1.791759469228055,5.402722425902827,0.07456676168499163,1,2.0,0.010767918044457049,-4.520357805498889,True
2496,대조,0,25.0,7.0,573.21,302.0,18.0,22.330000000000002,7.0,5.0,1,12.56,10.0,6.0,244.37,4.0,25.0,1,1,25.0,2.0794415416798357,6.352995183069972,0.038956054500095955,1,5.0,0.024362920065074897,-3.6900283659666786,True
2497,대조,0,1.0,36.0,1261.7,26412.0,3.0,24.97,0.0,3.0,1,0.0,0.0,0.0,332.42,8.0,1.0,0,1,1.0,3.6109179126442243,7.141007564444634,0.019790758500435917,0,3.0,0.18627918600174176,-1.4743707784771733,True
2498,대조,0,1.0,33.0,499.69,10681.0,2.0,6.49,0.0,6.0,1,0.0,0.0,0.0,94.71000000000001,15.0,1.0,0,1,1.0,3.5263605246161616,6.2159871470973105,0.012988052592607418,0,6.0,0.047306407253281536,-3.002647587102902,True
2499,대조,0,18.0,12.0,662.4,308.0,2.0,5.38,0.0,2.0,1,4.88,2.0,2.0,519.68,5.0,18.0,1,1,18.0,2.5649493574615367,6.497378126512952,0.008121980676328503,0,2.0,0.06529596396482724,-2.6612997133906537,True
